50 100
   36    33 1
   15    27 3
   35    43 56
   42    36 12
   21    49 2
   27    12 0
    9    40 0
   26    13 0
   26    40 233
   36    22 2
   18    11 67
   29    17 1
   30    32 45
   23    12 23
   35    17 23
    2    29 23
    8    22 23
   17    19 12
    6    43 12
   42    11 12
   23    29 12
   19    21 98
   37    34 1
   24    48 1
   20    15 1
   26    13 1
   30    41 2
   23     6 2
   20    12 2
   31    46 2
   25     5 2
   27    34 3
    5    36 3
   29    46 3
    7    13 3
   45    24 33
   45    32 33
   17    14 33
   14    34 33
    0    43 8
    8    37 8
   28    26 8
   34    38 8
    1     3 8
   49     4 8
   10    32 18
   18    26 18
   12    39 81
   36    26 81
   39    44 81
   20    45 9
   28    34 9
    1    17 9
    2    47 9
   42    17 1
    6     2 1
   30     1 1
   41    36 1
   39    15 1
   19    44 1
   29    40 1
   17    31 2
   21    47 2
   25    31 2
   27     9 2
    6    17 2
    3    47 2
   15    36 233
   33     6 3
   24    19 3
   21    28 4
   29    32 4000
   19     3 4
   18    20 4
   15     8 4
   49    40 0
   23    46 0
   45    18 0
    1    46 0
    5    21 0
   38    29 0
   28    14 0
    0    41 0
    0    43 88
   14    34 8
   14    24 8
    6    37 33
   41    43 3
   15    27 3
   36     9 76
    1    32 7
   28    37 7
    7    25 7
   21    24 7
   45     8 77
   37    29 77
   43    35 77
   28    18 777
   11    43 777
   29    28 7777
