4000 5000
    0  3999  37
 3999  3998 211
 3998  3997 219
 3997  3996  28
 3996  3995 197
 3995  3994 166
 3994  3993 253
 3993  3992  66
 3992  3991 201
 3991  3990 226
 3990  3989  59
 3989  3988  22
 3988  3987  35
 3987  3986 163
 3986  3985  32
 3985  3984   4
 3984  3983 195
 3983  3982  84
 3982  3981 202
 3981  3980 184
 3980  3979 176
 3979  3978 188
 3978  3977 249
 3977  3976 162
 3976  3975 125
 3975  3974 197
 3974  3973 227
 3973  3972  73
 3972  3971 214
 3971  3970 121
 3970  3969  89
 3969  3968   6
 3968  3967  66
 3967  3966  63
 3966  3965  56
 3965  3964  18
 3964  3963 229
 3963  3962  43
 3962  3961 106
 3961  3960 163
 3960  3959  24
 3959  3958 165
 3958  3957 207
 3957  3956  59
 3956  3955  83
 3955  3954 262
 3954  3953  86
 3953  3952  11
 3952  3951 101
 3951  3950  21
 3950  3949 218
 3949  3948  10
 3948  3947 232
 3947  3946 200
 3946  3945 173
 3945  3944  90
 3944  3943 152
 3943  3942 155
 3942  3941 163
 3941  3940 121
 3940  3939   9
 3939  3938 252
 3938  3937 128
 3937  3936  75
 3936  3935  71
 3935  3934 206
 3934  3933 115
 3933  3932  33
 3932  3931   4
 3931  3930 221
 3930  3929 219
 3929  3928  51
 3928  3927 141
 3927  3926 159
 3926  3925 110
 3925  3924 225
 3924  3923 176
 3923  3922 218
 3922  3921 258
 3921  3920  11
 3920  3919 262
 3919  3918 231
 3918  3917  21
 3917  3916 227
 3916  3915 164
 3915  3914 216
 3914  3913  72
 3913  3912  50
 3912  3911 104
 3911  3910 235
 3910  3909 171
 3909  3908 114
 3908  3907 242
 3907  3906  54
 3906  3905 211
 3905  3904  46
 3904  3903  16
 3903  3902  60
 3902  3901 102
 3901  3900  20
 3900  3899  36
 3899  3898  76
 3898  3897  71
 3897  3896 178
 3896  3895 257
 3895  3894 204
 3894  3893 158
 3893  3892 167
 3892  3891 177
 3891  3890 171
 3890  3889 178
 3889  3888 194
 3888  3887 136
 3887  3886 221
 3886  3885 176
 3885  3884  55
 3884  3883 171
 3883  3882 248
 3882  3881 127
 3881  3880   8
 3880  3879 238
 3879  3878  54
 3878  3877 144
 3877  3876 214
 3876  3875 108
 3875  3874  89
 3874  3873  15
 3873  3872 146
 3872  3871 171
 3871  3870 139
 3870  3869 189
 3869  3868 229
 3868  3867 215
 3867  3866  15
 3866  3865 162
 3865  3864 206
 3864  3863 241
 3863  3862  53
 3862  3861 128
 3861  3860 152
 3860  3859 247
 3859  3858  39
 3858  3857 101
 3857  3856 116
 3856  3855  15
 3855  3854  11
 3854  3853 171
 3853  3852 186
 3852  3851 259
 3851  3850  32
 3850  3849 217
 3849  3848 231
 3848  3847 108
 3847  3846 116
 3846  3845 200
 3845  3844 238
 3844  3843 227
 3843  3842 237
 3842  3841 118
 3841  3840 131
 3840  3839 110
 3839  3838  40
 3838  3837 116
 3837  3836  80
 3836  3835  55
 3835  3834  11
 3834  3833  19
 3833  3832  52
 3832  3831  65
 3831  3830 169
 3830  3829 204
 3829  3828  67
 3828  3827 230
 3827  3826  38
 3826  3825 183
 3825  3824 246
 3824  3823  71
 3823  3822 109
 3822  3821 165
 3821  3820  64
 3820  3819 163
 3819  3818 137
 3818  3817  50
 3817  3816   4
 3816  3815 254
 3815  3814   5
 3814  3813 243
 3813  3812 214
 3812  3811 242
 3811  3810  94
 3810  3809 101
 3809  3808  85
 3808  3807 156
 3807  3806 217
 3806  3805 188
 3805  3804 233
 3804  3803 228
 3803  3802 207
 3802  3801  18
 3801  3800  48
 3800  3799 110
 3799  3798 244
 3798  3797 115
 3797  3796  73
 3796  3795  38
 3795  3794  53
 3794  3793  74
 3793  3792 109
 3792  3791 163
 3791  3790 262
 3790  3789 195
 3789  3788  81
 3788  3787 132
 3787  3786   0
 3786  3785  86
 3785  3784 141
 3784  3783   5
 3783  3782  84
 3782  3781 111
 3781  3780 248
 3780  3779 200
 3779  3778 212
 3778  3777  88
 3777  3776  89
 3776  3775 184
 3775  3774   9
 3774  3773  77
 3773  3772 167
 3772  3771 239
 3771  3770 118
 3770  3769 216
 3769  3768 104
 3768  3767 117
 3767  3766  86
 3766  3765 199
 3765  3764 177
 3764  3763 162
 3763  3762   7
 3762  3761  20
 3761  3760  80
 3760  3759   2
 3759  3758 237
 3758  3757 161
 3757  3756 156
 3756  3755 238
 3755  3754   2
 3754  3753  31
 3753  3752 265
 3752  3751  86
 3751  3750 142
 3750  3749 246
 3749  3748  19
 3748  3747 109
 3747  3746  90
 3746  3745 130
 3745  3744  26
 3744  3743  99
 3743  3742 230
 3742  3741 193
 3741  3740  93
 3740  3739  81
 3739  3738 164
 3738  3737 197
 3737  3736 220
 3736  3735   6
 3735  3734 152
 3734  3733 131
 3733  3732 168
 3732  3731 159
 3731  3730 173
 3730  3729   3
 3729  3728 183
 3728  3727 143
 3727  3726 164
 3726  3725  72
 3725  3724 136
 3724  3723 167
 3723  3722 125
 3722  3721 135
 3721  3720   8
 3720  3719   0
 3719  3718 136
 3718  3717  28
 3717  3716 131
 3716  3715 226
 3715  3714 180
 3714  3713 157
 3713  3712  59
 3712  3711 143
 3711  3710 106
 3710  3709 174
 3709  3708 246
 3708  3707  25
 3707  3706 105
 3706  3705 200
 3705  3704  31
 3704  3703 257
 3703  3702  86
 3702  3701 221
 3701  3700 171
 3700  3699 259
 3699  3698 224
 3698  3697  87
 3697  3696 135
 3696  3695 144
 3695  3694 181
 3694  3693  27
 3693  3692  66
 3692  3691  40
 3691  3690 162
 3690  3689  74
 3689  3688  62
 3688  3687  31
 3687  3686 124
 3686  3685 216
 3685  3684 258
 3684  3683  38
 3683  3682 128
 3682  3681  72
 3681  3680 203
 3680  3679 234
 3679  3678 246
 3678  3677 205
 3677  3676  15
 3676  3675 106
 3675  3674 160
 3674  3673  68
 3673  3672 118
 3672  3671 246
 3671  3670  23
 3670  3669  22
 3669  3668 238
 3668  3667   2
 3667  3666 131
 3666  3665 128
 3665  3664 168
 3664  3663  68
 3663  3662 155
 3662  3661 234
 3661  3660 130
 3660  3659  72
 3659  3658  64
 3658  3657 214
 3657  3656 104
 3656  3655 188
 3655  3654 163
 3654  3653 117
 3653  3652 248
 3652  3651  25
 3651  3650 189
 3650  3649 185
 3649  3648  14
 3648  3647 190
 3647  3646 123
 3646  3645  29
 3645  3644  52
 3644  3643  16
 3643  3642  98
 3642  3641 170
 3641  3640  17
 3640  3639 143
 3639  3638 215
 3638  3637 255
 3637  3636 167
 3636  3635 101
 3635  3634 138
 3634  3633  69
 3633  3632 169
 3632  3631  27
 3631  3630  58
 3630  3629  32
 3629  3628 121
 3628  3627 122
 3627  3626   2
 3626  3625 225
 3625  3624  44
 3624  3623 165
 3623  3622  97
 3622  3621  25
 3621  3620 190
 3620  3619  41
 3619  3618 232
 3618  3617 205
 3617  3616 232
 3616  3615 110
 3615  3614 256
 3614  3613  17
 3613  3612 148
 3612  3611 109
 3611  3610 209
 3610  3609 165
 3609  3608 252
 3608  3607 157
 3607  3606 175
 3606  3605 175
 3605  3604  14
 3604  3603  47
 3603  3602 244
 3602  3601 183
 3601  3600  96
 3600  3599  57
 3599  3598 238
 3598  3597 217
 3597  3596 180
 3596  3595 240
 3595  3594 198
 3594  3593 246
 3593  3592 138
 3592  3591  28
 3591  3590  26
 3590  3589  84
 3589  3588  70
 3588  3587 259
 3587  3586  44
 3586  3585  57
 3585  3584 102
 3584  3583  55
 3583  3582  96
 3582  3581 251
 3581  3580 165
 3580  3579  38
 3579  3578 171
 3578  3577 150
 3577  3576 218
 3576  3575  80
 3575  3574  58
 3574  3573 232
 3573  3572 127
 3572  3571  57
 3571  3570 170
 3570  3569 245
 3569  3568 115
 3568  3567 141
 3567  3566 195
 3566  3565  50
 3565  3564 136
 3564  3563 148
 3563  3562  29
 3562  3561  30
 3561  3560 177
 3560  3559  55
 3559  3558 114
 3558  3557   2
 3557  3556  69
 3556  3555 180
 3555  3554  59
 3554  3553 194
 3553  3552 235
 3552  3551 155
 3551  3550 200
 3550  3549 133
 3549  3548 215
 3548  3547 104
 3547  3546  39
 3546  3545 166
 3545  3544 184
 3544  3543 119
 3543  3542 131
 3542  3541  66
 3541  3540 177
 3540  3539  35
 3539  3538  44
 3538  3537  47
 3537  3536 198
 3536  3535 262
 3535  3534 119
 3534  3533  68
 3533  3532 143
 3532  3531 148
 3531  3530  98
 3530  3529  75
 3529  3528 225
 3528  3527 234
 3527  3526  77
 3526  3525  28
 3525  3524 147
 3524  3523 158
 3523  3522 244
 3522  3521 137
 3521  3520  46
 3520  3519 177
 3519  3518   4
 3518  3517 262
 3517  3516  14
 3516  3515  65
 3515  3514 183
 3514  3513 221
 3513  3512 184
 3512  3511  48
 3511  3510  20
 3510  3509 116
 3509  3508 105
 3508  3507  87
 3507  3506 163
 3506  3505  36
 3505  3504 104
 3504  3503  15
 3503  3502 126
 3502  3501   2
 3501  3500 185
 3500  3499 224
 3499  3498  78
 3498  3497 144
 3497  3496 213
 3496  3495 177
 3495  3494 194
 3494  3493  93
 3493  3492  69
 3492  3491 171
 3491  3490 231
 3490  3489 137
 3489  3488  81
 3488  3487 257
 3487  3486 132
 3486  3485 117
 3485  3484  55
 3484  3483  49
 3483  3482  71
 3482  3481 239
 3481  3480 119
 3480  3479 114
 3479  3478  89
 3478  3477 224
 3477  3476 223
 3476  3475   7
 3475  3474  15
 3474  3473  60
 3473  3472  45
 3472  3471 142
 3471  3470  62
 3470  3469 252
 3469  3468 121
 3468  3467 162
 3467  3466 151
 3466  3465  68
 3465  3464  73
 3464  3463  78
 3463  3462 183
 3462  3461 164
 3461  3460   4
 3460  3459 169
 3459  3458  34
 3458  3457 107
 3457  3456 181
 3456  3455 189
 3455  3454 247
 3454  3453 236
 3453  3452 260
 3452  3451  51
 3451  3450 231
 3450  3449 134
 3449  3448 187
 3448  3447  75
 3447  3446 113
 3446  3445 143
 3445  3444 104
 3444  3443 128
 3443  3442 225
 3442  3441 171
 3441  3440  25
 3440  3439  43
 3439  3438 157
 3438  3437 169
 3437  3436 205
 3436  3435  41
 3435  3434 237
 3434  3433  33
 3433  3432 142
 3432  3431 175
 3431  3430 197
 3430  3429 168
 3429  3428 100
 3428  3427 254
 3427  3426   9
 3426  3425  14
 3425  3424 198
 3424  3423 256
 3423  3422 251
 3422  3421 191
 3421  3420  62
 3420  3419 237
 3419  3418  58
 3418  3417 250
 3417  3416  45
 3416  3415 171
 3415  3414 148
 3414  3413 171
 3413  3412  54
 3412  3411 129
 3411  3410  76
 3410  3409  80
 3409  3408 172
 3408  3407 233
 3407  3406 249
 3406  3405 132
 3405  3404  29
 3404  3403 241
 3403  3402 166
 3402  3401 171
 3401  3400 171
 3400  3399 118
 3399  3398  73
 3398  3397   4
 3397  3396 127
 3396  3395 104
 3395  3394  19
 3394  3393  58
 3393  3392 115
 3392  3391  25
 3391  3390   4
 3390  3389 177
 3389  3388 262
 3388  3387  84
 3387  3386 182
 3386  3385  62
 3385  3384  10
 3384  3383  86
 3383  3382 255
 3382  3381  65
 3381  3380 215
 3380  3379  64
 3379  3378 167
 3378  3377 142
 3377  3376  52
 3376  3375 171
 3375  3374   7
 3374  3373 104
 3373  3372 167
 3372  3371 195
 3371  3370   8
 3370  3369  71
 3369  3368  47
 3368  3367 103
 3367  3366  76
 3366  3365 196
 3365  3364 229
 3364  3363 117
 3363  3362 255
 3362  3361  77
 3361  3360 142
 3360  3359  14
 3359  3358  10
 3358  3357 159
 3357  3356  99
 3356  3355 192
 3355  3354 243
 3354  3353 109
 3353  3352  33
 3352  3351 231
 3351  3350 196
 3350  3349 248
 3349  3348  51
 3348  3347  96
 3347  3346 123
 3346  3345 125
 3345  3344  22
 3344  3343 153
 3343  3342 229
 3342  3341 189
 3341  3340  81
 3340  3339 260
 3339  3338  16
 3338  3337 128
 3337  3336 118
 3336  3335 114
 3335  3334  80
 3334  3333  81
 3333  3332 231
 3332  3331  68
 3331  3330 180
 3330  3329 128
 3329  3328 104
 3328  3327 190
 3327  3326  42
 3326  3325 203
 3325  3324 138
 3324  3323  40
 3323  3322  46
 3322  3321 171
 3321  3320  26
 3320  3319 264
 3319  3318 175
 3318  3317  77
 3317  3316  94
 3316  3315  53
 3315  3314 203
 3314  3313 138
 3313  3312 206
 3312  3311 187
 3311  3310  61
 3310  3309  21
 3309  3308 180
 3308  3307  77
 3307  3306 171
 3306  3305  32
 3305  3304 213
 3304  3303 251
 3303  3302 113
 3302  3301 177
 3301  3300  74
 3300  3299  26
 3299  3298  60
 3298  3297 179
 3297  3296 239
 3296  3295 102
 3295  3294 137
 3294  3293 110
 3293  3292 164
 3292  3291 205
 3291  3290  36
 3290  3289 190
 3289  3288 203
 3288  3287 211
 3287  3286  23
 3286  3285  30
 3285  3284 265
 3284  3283 248
 3283  3282 168
 3282  3281 226
 3281  3280 168
 3280  3279 251
 3279  3278   2
 3278  3277  82
 3277  3276  83
 3276  3275 174
 3275  3274 114
 3274  3273  29
 3273  3272 180
 3272  3271 249
 3271  3270 228
 3270  3269  10
 3269  3268  30
 3268  3267  21
 3267  3266 211
 3266  3265   2
 3265  3264 145
 3264  3263  81
 3263  3262 134
 3262  3261  42
 3261  3260  20
 3260  3259 171
 3259  3258 233
 3258  3257 223
 3257  3256 137
 3256  3255 256
 3255  3254   8
 3254  3253 157
 3253  3252 237
 3252  3251 198
 3251  3250 117
 3250  3249 160
 3249  3248 183
 3248  3247 119
 3247  3246 242
 3246  3245  21
 3245  3244  48
 3244  3243 111
 3243  3242  51
 3242  3241 251
 3241  3240 115
 3240  3239  34
 3239  3238 261
 3238  3237 146
 3237  3236  56
 3236  3235 205
 3235  3234 170
 3234  3233 201
 3233  3232  19
 3232  3231  60
 3231  3230 266
 3230  3229  61
 3229  3228 253
 3228  3227 254
 3227  3226  17
 3226  3225 123
 3225  3224 243
 3224  3223  25
 3223  3222  14
 3222  3221 235
 3221  3220 246
 3220  3219 153
 3219  3218 128
 3218  3217 162
 3217  3216  27
 3216  3215 126
 3215  3214 205
 3214  3213  76
 3213  3212 237
 3212  3211  11
 3211  3210  60
 3210  3209  86
 3209  3208  46
 3208  3207  76
 3207  3206 254
 3206  3205 102
 3205  3204  36
 3204  3203 179
 3203  3202  58
 3202  3201  55
 3201  3200 239
 3200  3199  79
 3199  3198 117
 3198  3197 225
 3197  3196  66
 3196  3195 156
 3195  3194 104
 3194  3193  42
 3193  3192 204
 3192  3191 118
 3191  3190  32
 3190  3189 183
 3189  3188   4
 3188  3187 161
 3187  3186 100
 3186  3185  31
 3185  3184  20
 3184  3183  38
 3183  3182 129
 3182  3181  12
 3181  3180  50
 3180  3179 211
 3179  3178 120
 3178  3177  96
 3177  3176  42
 3176  3175 129
 3175  3174 220
 3174  3173  78
 3173  3172  42
 3172  3171  33
 3171  3170 134
 3170  3169  36
 3169  3168 113
 3168  3167   6
 3167  3166  17
 3166  3165 179
 3165  3164 162
 3164  3163 121
 3163  3162 244
 3162  3161 121
 3161  3160 261
 3160  3159   9
 3159  3158  37
 3158  3157  20
 3157  3156 192
 3156  3155 137
 3155  3154  73
 3154  3153 234
 3153  3152 176
 3152  3151 225
 3151  3150 247
 3150  3149 248
 3149  3148 169
 3148  3147 100
 3147  3146  77
 3146  3145 212
 3145  3144 230
 3144  3143  52
 3143  3142  45
 3142  3141  27
 3141  3140  85
 3140  3139 179
 3139  3138  85
 3138  3137 198
 3137  3136 207
 3136  3135 102
 3135  3134 111
 3134  3133 125
 3133  3132 245
 3132  3131  88
 3131  3130 246
 3130  3129 239
 3129  3128 119
 3128  3127  17
 3127  3126  14
 3126  3125  45
 3125  3124 176
 3124  3123  88
 3123  3122  12
 3122  3121  85
 3121  3120  46
 3120  3119 259
 3119  3118  66
 3118  3117 237
 3117  3116 115
 3116  3115 165
 3115  3114 204
 3114  3113 100
 3113  3112 217
 3112  3111 250
 3111  3110 149
 3110  3109  36
 3109  3108 184
 3108  3107 234
 3107  3106 256
 3106  3105 147
 3105  3104  70
 3104  3103 100
 3103  3102   5
 3102  3101  70
 3101  3100 210
 3100  3099   6
 3099  3098  65
 3098  3097  63
 3097  3096  45
 3096  3095  79
 3095  3094 130
 3094  3093 222
 3093  3092 189
 3092  3091 142
 3091  3090  40
 3090  3089 257
 3089  3088 157
 3088  3087 129
 3087  3086 228
 3086  3085  27
 3085  3084  49
 3084  3083 187
 3083  3082 127
 3082  3081   0
 3081  3080 192
 3080  3079   9
 3079  3078  58
 3078  3077 110
 3077  3076 243
 3076  3075  47
 3075  3074  12
 3074  3073  68
 3073  3072 170
 3072  3071  17
 3071  3070 139
 3070  3069 135
 3069  3068  45
 3068  3067 204
 3067  3066 220
 3066  3065  91
 3065  3064  38
 3064  3063  83
 3063  3062  46
 3062  3061 228
 3061  3060 248
 3060  3059 108
 3059  3058 218
 3058  3057 138
 3057  3056 259
 3056  3055 201
 3055  3054 165
 3054  3053  42
 3053  3052 144
 3052  3051  47
 3051  3050  64
 3050  3049  69
 3049  3048  78
 3048  3047 122
 3047  3046 201
 3046  3045  54
 3045  3044 191
 3044  3043 213
 3043  3042 145
 3042  3041 116
 3041  3040 252
 3040  3039  39
 3039  3038 252
 3038  3037  31
 3037  3036 265
 3036  3035 205
 3035  3034 122
 3034  3033  36
 3033  3032  44
 3032  3031 168
 3031  3030  19
 3030  3029  25
 3029  3028  31
 3028  3027 260
 3027  3026 163
 3026  3025  24
 3025  3024 194
 3024  3023  83
 3023  3022  66
 3022  3021  93
 3021  3020 152
 3020  3019 130
 3019  3018 163
 3018  3017 230
 3017  3016   7
 3016  3015 119
 3015  3014  17
 3014  3013 220
 3013  3012  66
 3012  3011 184
 3011  3010  70
 3010  3009  51
 3009  3008 223
 3008  3007  77
 3007  3006 104
 3006  3005 221
 3005  3004  37
 3004  3003 226
 3003  3002  13
 3002  3001  81
 3001  3000 149
 3000  2999  32
 2999  2998 106
 2998  2997 181
 2997  2996  25
 2996  2995  24
 2995  2994 227
 2994  2993 242
 2993  2992 129
 2992  2991  26
 2991  2990  68
 2990  2989  14
 2989  2988 178
 2988  2987 253
 2987  2986 244
 2986  2985 207
 2985  2984 106
 2984  2983  17
 2983  2982 182
 2982  2981 194
 2981  2980 201
 2980  2979 252
 2979  2978 245
 2978  2977 180
 2977  2976  84
 2976  2975 105
 2975  2974 156
 2974  2973 122
 2973  2972  64
 2972  2971 169
 2971  2970 203
 2970  2969 236
 2969  2968 224
 2968  2967  65
 2967  2966 172
 2966  2965 249
 2965  2964  89
 2964  2963 132
 2963  2962 224
 2962  2961 241
 2961  2960 158
 2960  2959  48
 2959  2958 255
 2958  2957  91
 2957  2956  34
 2956  2955 233
 2955  2954  31
 2954  2953 140
 2953  2952   5
 2952  2951 235
 2951  2950  89
 2950  2949 206
 2949  2948 221
 2948  2947  90
 2947  2946 141
 2946  2945  60
 2945  2944 195
 2944  2943  31
 2943  2942 182
 2942  2941  14
 2941  2940 222
 2940  2939 141
 2939  2938 250
 2938  2937 179
 2937  2936 206
 2936  2935 155
 2935  2934 184
 2934  2933  50
 2933  2932  20
 2932  2931 163
 2931  2930  24
 2930  2929 200
 2929  2928 211
 2928  2927  35
 2927  2926  24
 2926  2925 246
 2925  2924  23
 2924  2923  77
 2923  2922 141
 2922  2921  28
 2921  2920  46
 2920  2919 231
 2919  2918 256
 2918  2917  22
 2917  2916  54
 2916  2915 131
 2915  2914 104
 2914  2913   4
 2913  2912 184
 2912  2911  20
 2911  2910  18
 2910  2909 139
 2909  2908 183
 2908  2907   2
 2907  2906  74
 2906  2905 122
 2905  2904 179
 2904  2903 258
 2903  2902 194
 2902  2901 200
 2901  2900 154
 2900  2899 241
 2899  2898 155
 2898  2897 121
 2897  2896   9
 2896  2895 202
 2895  2894 100
 2894  2893  54
 2893  2892  34
 2892  2891 263
 2891  2890  82
 2890  2889 102
 2889  2888 249
 2888  2887  71
 2887  2886 146
 2886  2885  58
 2885  2884 202
 2884  2883 251
 2883  2882  62
 2882  2881 141
 2881  2880   4
 2880  2879 103
 2879  2878  14
 2878  2877 187
 2877  2876 105
 2876  2875 110
 2875  2874  64
 2874  2873  39
 2873  2872 101
 2872  2871  13
 2871  2870 261
 2870  2869  10
 2869  2868 254
 2868  2867 150
 2867  2866 131
 2866  2865  18
 2865  2864  85
 2864  2863 253
 2863  2862  72
 2862  2861 141
 2861  2860   5
 2860  2859 176
 2859  2858 244
 2858  2857 254
 2857  2856 248
 2856  2855 123
 2855  2854  68
 2854  2853 205
 2853  2852 107
 2852  2851 152
 2851  2850  80
 2850  2849 133
 2849  2848 255
 2848  2847 116
 2847  2846  53
 2846  2845 115
 2845  2844 226
 2844  2843 139
 2843  2842 155
 2842  2841  82
 2841  2840 153
 2840  2839 149
 2839  2838 114
 2838  2837 162
 2837  2836  54
 2836  2835 246
 2835  2834 203
 2834  2833 161
 2833  2832 254
 2832  2831  30
 2831  2830  36
 2830  2829 259
 2829  2828 207
 2828  2827  13
 2827  2826   2
 2826  2825 210
 2825  2824 158
 2824  2823  70
 2823  2822 148
 2822  2821 266
 2821  2820 244
 2820  2819 250
 2819  2818 132
 2818  2817 233
 2817  2816  99
 2816  2815 208
 2815  2814 103
 2814  2813  80
 2813  2812  80
 2812  2811  13
 2811  2810 184
 2810  2809 233
 2809  2808 163
 2808  2807  32
 2807  2806 151
 2806  2805 239
 2805  2804  33
 2804  2803  87
 2803  2802 134
 2802  2801  20
 2801  2800 117
 2800  2799 170
 2799  2798  13
 2798  2797  57
 2797  2796 205
 2796  2795  15
 2795  2794   0
 2794  2793  96
 2793  2792 107
 2792  2791 171
 2791  2790 117
 2790  2789  84
 2789  2788 154
 2788  2787 250
 2787  2786  72
 2786  2785   9
 2785  2784 213
 2784  2783 176
 2783  2782 111
 2782  2781  26
 2781  2780 211
 2780  2779  29
 2779  2778  15
 2778  2777 107
 2777  2776  83
 2776  2775 166
 2775  2774 102
 2774  2773 116
 2773  2772   8
 2772  2771 236
 2771  2770 158
 2770  2769 125
 2769  2768 161
 2768  2767 171
 2767  2766 205
 2766  2765 121
 2765  2764 208
 2764  2763 227
 2763  2762 217
 2762  2761  48
 2761  2760 153
 2760  2759  90
 2759  2758 155
 2758  2757  63
 2757  2756  95
 2756  2755 227
 2755  2754  72
 2754  2753  41
 2753  2752 158
 2752  2751 183
 2751  2750  67
 2750  2749 103
 2749  2748 234
 2748  2747 104
 2747  2746 232
 2746  2745  72
 2745  2744  25
 2744  2743  67
 2743  2742 188
 2742  2741  33
 2741  2740  58
 2740  2739  80
 2739  2738 181
 2738  2737 219
 2737  2736   6
 2736  2735 119
 2735  2734  73
 2734  2733 215
 2733  2732 101
 2732  2731  46
 2731  2730  18
 2730  2729  10
 2729  2728 158
 2728  2727 173
 2727  2726  73
 2726  2725 253
 2725  2724 156
 2724  2723 145
 2723  2722  27
 2722  2721  47
 2721  2720  83
 2720  2719 116
 2719  2718 172
 2718  2717  73
 2717  2716 221
 2716  2715 160
 2715  2714 145
 2714  2713 246
 2713  2712 227
 2712  2711  89
 2711  2710  13
 2710  2709  41
 2709  2708 191
 2708  2707 216
 2707  2706  15
 2706  2705 197
 2705  2704  90
 2704  2703 111
 2703  2702 167
 2702  2701 191
 2701  2700 157
 2700  2699 186
 2699  2698 201
 2698  2697  70
 2697  2696  92
 2696  2695   7
 2695  2694  56
 2694  2693 248
 2693  2692 174
 2692  2691  83
 2691  2690  51
 2690  2689  13
 2689  2688 221
 2688  2687 223
 2687  2686  86
 2686  2685 175
 2685  2684 116
 2684  2683 231
 2683  2682 177
 2682  2681  99
 2681  2680  75
 2680  2679 212
 2679  2678 140
 2678  2677 266
 2677  2676 161
 2676  2675 177
 2675  2674 197
 2674  2673 251
 2673  2672  21
 2672  2671 119
 2671  2670 197
 2670  2669 200
 2669  2668  38
 2668  2667 154
 2667  2666   3
 2666  2665 131
 2665  2664 161
 2664  2663  59
 2663  2662 134
 2662  2661  91
 2661  2660 164
 2660  2659 185
 2659  2658 104
 2658  2657 119
 2657  2656 164
 2656  2655 190
 2655  2654  49
 2654  2653  35
 2653  2652 176
 2652  2651 226
 2651  2650 156
 2650  2649 252
 2649  2648 193
 2648  2647  51
 2647  2646   6
 2646  2645  87
 2645  2644 229
 2644  2643 203
 2643  2642  93
 2642  2641 250
 2641  2640  78
 2640  2639  24
 2639  2638 184
 2638  2637 116
 2637  2636 178
 2636  2635 187
 2635  2634   2
 2634  2633  94
 2633  2632   2
 2632  2631 137
 2631  2630 207
 2630  2629 166
 2629  2628  77
 2628  2627  44
 2627  2626  40
 2626  2625 263
 2625  2624 256
 2624  2623  90
 2623  2622  32
 2622  2621 166
 2621  2620  71
 2620  2619 188
 2619  2618 173
 2618  2617 265
 2617  2616 240
 2616  2615 179
 2615  2614 107
 2614  2613 202
 2613  2612 138
 2612  2611 223
 2611  2610 185
 2610  2609 216
 2609  2608 247
 2608  2607 124
 2607  2606  65
 2606  2605 180
 2605  2604  45
 2604  2603  90
 2603  2602  29
 2602  2601  47
 2601  2600 227
 2600  2599 237
 2599  2598 235
 2598  2597  59
 2597  2596  14
 2596  2595  31
 2595  2594  56
 2594  2593   4
 2593  2592 121
 2592  2591  88
 2591  2590 192
 2590  2589 214
 2589  2588  31
 2588  2587  98
 2587  2586 234
 2586  2585   4
 2585  2584  32
 2584  2583  97
 2583  2582 228
 2582  2581 170
 2581  2580  53
 2580  2579 169
 2579  2578 119
 2578  2577  55
 2577  2576  26
 2576  2575 207
 2575  2574 235
 2574  2573  71
 2573  2572  30
 2572  2571 264
 2571  2570 140
 2570  2569  12
 2569  2568 234
 2568  2567 131
 2567  2566  71
 2566  2565 249
 2565  2564 162
 2564  2563 149
 2563  2562   8
 2562  2561  38
 2561  2560 259
 2560  2559 200
 2559  2558 252
 2558  2557  24
 2557  2556  53
 2556  2555 242
 2555  2554  50
 2554  2553  85
 2553  2552  72
 2552  2551  34
 2551  2550  11
 2550  2549 147
 2549  2548 203
 2548  2547 130
 2547  2546 202
 2546  2545 229
 2545  2544  92
 2544  2543 170
 2543  2542  56
 2542  2541 144
 2541  2540 189
 2540  2539 218
 2539  2538 178
 2538  2537 179
 2537  2536  82
 2536  2535   5
 2535  2534 183
 2534  2533 244
 2533  2532 154
 2532  2531 191
 2531  2530  15
 2530  2529 147
 2529  2528 146
 2528  2527  23
 2527  2526 193
 2526  2525 199
 2525  2524  20
 2524  2523 243
 2523  2522  39
 2522  2521 114
 2521  2520  10
 2520  2519  50
 2519  2518 261
 2518  2517 235
 2517  2516 203
 2516  2515 196
 2515  2514 198
 2514  2513  50
 2513  2512 121
 2512  2511   9
 2511  2510 195
 2510  2509  65
 2509  2508 227
 2508  2507 106
 2507  2506 244
 2506  2505  43
 2505  2504 111
 2504  2503 160
 2503  2502  42
 2502  2501  21
 2501  2500 106
 2500  2499  58
 2499  2498 168
 2498  2497 252
 2497  2496 103
 2496  2495  94
 2495  2494 206
 2494  2493 123
 2493  2492  92
 2492  2491 246
 2491  2490 237
 2490  2489 125
 2489  2488  29
 2488  2487 231
 2487  2486  93
 2486  2485 254
 2485  2484 182
 2484  2483  46
 2483  2482  38
 2482  2481  58
 2481  2480  55
 2480  2479 233
 2479  2478 145
 2478  2477  38
 2477  2476  94
 2476  2475 123
 2475  2474  81
 2474  2473 228
 2473  2472  38
 2472  2471 123
 2471  2470 249
 2470  2469 145
 2469  2468 203
 2468  2467 172
 2467  2466 130
 2466  2465  39
 2465  2464  21
 2464  2463  92
 2463  2462 162
 2462  2461 113
 2461  2460  71
 2460  2459 154
 2459  2458 260
 2458  2457 122
 2457  2456 140
 2456  2455 109
 2455  2454 132
 2454  2453  55
 2453  2452 155
 2452  2451 170
 2451  2450 135
 2450  2449 233
 2449  2448 158
 2448  2447  14
 2447  2446   4
 2446  2445 252
 2445  2444 159
 2444  2443  85
 2443  2442 235
 2442  2441 219
 2441  2440 230
 2440  2439 217
 2439  2438  97
 2438  2437 189
 2437  2436 144
 2436  2435 250
 2435  2434 228
 2434  2433 165
 2433  2432  75
 2432  2431 146
 2431  2430  34
 2430  2429 168
 2429  2428  55
 2428  2427  27
 2427  2426  45
 2426  2425 196
 2425  2424 136
 2424  2423 177
 2423  2422 251
 2422  2421  47
 2421  2420  80
 2420  2419 142
 2419  2418  13
 2418  2417 260
 2417  2416 178
 2416  2415  39
 2415  2414   1
 2414  2413  92
 2413  2412 146
 2412  2411 236
 2411  2410  44
 2410  2409 109
 2409  2408 209
 2408  2407 142
 2407  2406  31
 2406  2405  86
 2405  2404 147
 2404  2403  15
 2403  2402 252
 2402  2401 244
 2401  2400 183
 2400  2399  19
 2399  2398 145
 2398  2397 238
 2397  2396  68
 2396  2395 212
 2395  2394 167
 2394  2393 205
 2393  2392 123
 2392  2391 174
 2391  2390   7
 2390  2389 225
 2389  2388  71
 2388  2387  42
 2387  2386 219
 2386  2385 249
 2385  2384  81
 2384  2383 220
 2383  2382  74
 2382  2381 227
 2381  2380 211
 2380  2379 140
 2379  2378  91
 2378  2377 153
 2377  2376  37
 2376  2375 123
 2375  2374 240
 2374  2373 184
 2373  2372 160
 2372  2371 225
 2371  2370 161
 2370  2369  98
 2369  2368 244
 2368  2367  61
 2367  2366  69
 2366  2365  45
 2365  2364  29
 2364  2363 259
 2363  2362   5
 2362  2361 174
 2361  2360 188
 2360  2359  34
 2359  2358 132
 2358  2357 259
 2357  2356  76
 2356  2355 106
 2355  2354 241
 2354  2353 157
 2353  2352  81
 2352  2351  70
 2351  2350 117
 2350  2349  26
 2349  2348 232
 2348  2347 209
 2347  2346 179
 2346  2345   3
 2345  2344  87
 2344  2343 152
 2343  2342 187
 2342  2341   2
 2341  2340 132
 2340  2339 104
 2339  2338 100
 2338  2337 131
 2337  2336 187
 2336  2335 191
 2335  2334 199
 2334  2333 238
 2333  2332 183
 2332  2331 204
 2331  2330 145
 2330  2329 104
 2329  2328 261
 2328  2327  33
 2327  2326 118
 2326  2325  70
 2325  2324 139
 2324  2323 114
 2323  2322 250
 2322  2321 243
 2321  2320 184
 2320  2319 122
 2319  2318   2
 2318  2317 150
 2317  2316  86
 2316  2315 203
 2315  2314 175
 2314  2313 173
 2313  2312 111
 2312  2311 117
 2311  2310 197
 2310  2309 243
 2309  2308 221
 2308  2307  52
 2307  2306 108
 2306  2305 164
 2305  2304 244
 2304  2303  40
 2303  2302 135
 2302  2301 182
 2301  2300 266
 2300  2299  36
 2299  2298  42
 2298  2297  15
 2297  2296  69
 2296  2295 160
 2295  2294  86
 2294  2293 230
 2293  2292   8
 2292  2291  91
 2291  2290 206
 2290  2289 214
 2289  2288 213
 2288  2287 230
 2287  2286 119
 2286  2285  33
 2285  2284 167
 2284  2283  27
 2283  2282 228
 2282  2281  33
 2281  2280 145
 2280  2279 181
 2279  2278  31
 2278  2277 121
 2277  2276 233
 2276  2275 139
 2275  2274  40
 2274  2273 210
 2273  2272 201
 2272  2271 176
 2271  2270 126
 2270  2269 223
 2269  2268 212
 2268  2267 190
 2267  2266 260
 2266  2265  36
 2265  2264  83
 2264  2263 101
 2263  2262 266
 2262  2261 113
 2261  2260 192
 2260  2259 206
 2259  2258  61
 2258  2257 139
 2257  2256 169
 2256  2255 202
 2255  2254 194
 2254  2253  91
 2253  2252 230
 2252  2251 155
 2251  2250 124
 2250  2249 130
 2249  2248  69
 2248  2247 156
 2247  2246 251
 2246  2245  58
 2245  2244  50
 2244  2243  25
 2243  2242   1
 2242  2241   7
 2241  2240 223
 2240  2239 149
 2239  2238 252
 2238  2237 190
 2237  2236  72
 2236  2235 245
 2235  2234 226
 2234  2233 178
 2233  2232  80
 2232  2231 225
 2231  2230  24
 2230  2229  27
 2229  2228 186
 2228  2227 107
 2227  2226 166
 2226  2225 111
 2225  2224  43
 2224  2223 115
 2223  2222 202
 2222  2221  28
 2221  2220  26
 2220  2219  82
 2219  2218 158
 2218  2217 117
 2217  2216 260
 2216  2215 164
 2215  2214 175
 2214  2213  65
 2213  2212 211
 2212  2211 177
 2211  2210  72
 2210  2209 189
 2209  2208  81
 2208  2207  79
 2207  2206 112
 2206  2205 176
 2205  2204  80
 2204  2203  93
 2203  2202 109
 2202  2201 182
 2201  2200  74
 2200  2199 155
 2199  2198 209
 2198  2197 260
 2197  2196 263
 2196  2195 131
 2195  2194 104
 2194  2193  61
 2193  2192 246
 2192  2191  62
 2191  2190  89
 2190  2189   5
 2189  2188 144
 2188  2187   2
 2187  2186 123
 2186  2185 137
 2185  2184 188
 2184  2183  31
 2183  2182 202
 2182  2181 133
 2181  2180 230
 2180  2179  30
 2179  2178  55
 2178  2177  67
 2177  2176 131
 2176  2175 190
 2175  2174 243
 2174  2173 211
 2173  2172  16
 2172  2171 107
 2171  2170 126
 2170  2169 112
 2169  2168 262
 2168  2167  69
 2167  2166 106
 2166  2165  13
 2165  2164 222
 2164  2163 232
 2163  2162  74
 2162  2161 201
 2161  2160  27
 2160  2159 185
 2159  2158 207
 2158  2157 193
 2157  2156 209
 2156  2155  85
 2155  2154  63
 2154  2153 131
 2153  2152 116
 2152  2151  21
 2151  2150 264
 2150  2149 102
 2149  2148  73
 2148  2147  74
 2147  2146 169
 2146  2145 204
 2145  2144 264
 2144  2143 167
 2143  2142 171
 2142  2141  36
 2141  2140   7
 2140  2139  52
 2139  2138 148
 2138  2137   2
 2137  2136 121
 2136  2135   9
 2135  2134  16
 2134  2133  98
 2133  2132 264
 2132  2131 112
 2131  2130  33
 2130  2129  24
 2129  2128  31
 2128  2127 262
 2127  2126 218
 2126  2125 240
 2125  2124  80
 2124  2123  36
 2123  2122 126
 2122  2121 218
 2121  2120  79
 2120  2119 123
 2119  2118  53
 2118  2117 152
 2117  2116 220
 2116  2115 244
 2115  2114 112
 2114  2113 217
 2113  2112 144
 2112  2111  16
 2111  2110   8
 2110  2109 173
 2109  2108  68
 2108  2107 179
 2107  2106 176
 2106  2105 212
 2105  2104 210
 2104  2103 214
 2103  2102  43
 2102  2101 207
 2101  2100  81
 2100  2099  98
 2099  2098 232
 2098  2097 134
 2097  2096  93
 2096  2095 205
 2095  2094 130
 2094  2093 173
 2093  2092 241
 2092  2091 256
 2091  2090 125
 2090  2089  76
 2089  2088 135
 2088  2087 200
 2087  2086 228
 2086  2085  88
 2085  2084 178
 2084  2083  95
 2083  2082  60
 2082  2081  55
 2081  2080 133
 2080  2079  69
 2079  2078 229
 2078  2077 202
 2077  2076   3
 2076  2075 160
 2075  2074 169
 2074  2073 213
 2073  2072 129
 2072  2071 234
 2071  2070 176
 2070  2069 210
 2069  2068  66
 2068  2067 163
 2067  2066 100
 2066  2065 159
 2065  2064 101
 2064  2063 230
 2063  2062  88
 2062  2061  97
 2061  2060 219
 2060  2059 213
 2059  2058 195
 2058  2057  87
 2057  2056 146
 2056  2055 157
 2055  2054 175
 2054  2053  57
 2053  2052   7
 2052  2051 236
 2051  2050 135
 2050  2049 141
 2049  2048  60
 2048  2047 119
 2047  2046  98
 2046  2045  85
 2045  2044  12
 2044  2043   0
 2043  2042  53
 2042  2041 163
 2041  2040 256
 2040  2039 229
 2039  2038 128
 2038  2037  55
 2037  2036 125
 2036  2035 228
 2035  2034 237
 2034  2033 248
 2033  2032 191
 2032  2031  58
 2031  2030 101
 2030  2029 144
 2029  2028   4
 2028  2027  29
 2027  2026 253
 2026  2025 172
 2025  2024 208
 2024  2023 162
 2023  2022 252
 2022  2021 216
 2021  2020 153
 2020  2019 120
 2019  2018 112
 2018  2017 235
 2017  2016 239
 2016  2015 210
 2015  2014  53
 2014  2013   6
 2013  2012 210
 2012  2011 106
 2011  2010 191
 2010  2009 199
 2009  2008  91
 2008  2007  52
 2007  2006  10
 2006  2005 238
 2005  2004  14
 2004  2003 247
 2003  2002 242
 2002  2001 205
 2001  2000  38
 2000  1999  98
 1999  1998 104
 1998  1997  64
 1997  1996 149
 1996  1995  91
 1995  1994 236
 1994  1993  91
 1993  1992   8
 1992  1991 243
 1991  1990  62
 1990  1989 161
 1989  1988  96
 1988  1987 196
 1987  1986 129
 1986  1985  90
 1985  1984 139
 1984  1983 204
 1983  1982 118
 1982  1981 104
 1981  1980  43
 1980  1979  42
 1979  1978  58
 1978  1977 156
 1977  1976  95
 1976  1975  68
 1975  1974 128
 1974  1973 131
 1973  1972  70
 1972  1971 103
 1971  1970  69
 1970  1969 108
 1969  1968 201
 1968  1967 174
 1967  1966 194
 1966  1965  83
 1965  1964  20
 1964  1963 164
 1963  1962 196
 1962  1961  28
 1961  1960 162
 1960  1959  13
 1959  1958 189
 1958  1957 259
 1957  1956 209
 1956  1955  73
 1955  1954 104
 1954  1953  81
 1953  1952  10
 1952  1951 245
 1951  1950 207
 1950  1949  75
 1949  1948  20
 1948  1947 266
 1947  1946 232
 1946  1945 137
 1945  1944  67
 1944  1943 115
 1943  1942   1
 1942  1941 138
 1941  1940 218
 1940  1939  93
 1939  1938   1
 1938  1937 174
 1937  1936  22
 1936  1935 196
 1935  1934 257
 1934  1933  42
 1933  1932 115
 1932  1931 209
 1931  1930  70
 1930  1929  10
 1929  1928 244
 1928  1927  14
 1927  1926  24
 1926  1925 187
 1925  1924  87
 1924  1923 129
 1923  1922  23
 1922  1921 119
 1921  1920 129
 1920  1919 231
 1919  1918 194
 1918  1917 149
 1917  1916 230
 1916  1915 181
 1915  1914  42
 1914  1913  52
 1913  1912  29
 1912  1911  65
 1911  1910 190
 1910  1909   2
 1909  1908 158
 1908  1907 214
 1907  1906 176
 1906  1905 180
 1905  1904 143
 1904  1903 189
 1903  1902 222
 1902  1901  13
 1901  1900 153
 1900  1899  47
 1899  1898  45
 1898  1897 130
 1897  1896  61
 1896  1895  70
 1895  1894  50
 1894  1893 148
 1893  1892 221
 1892  1891  96
 1891  1890  22
 1890  1889  83
 1889  1888  60
 1888  1887 239
 1887  1886 254
 1886  1885  45
 1885  1884 153
 1884  1883  51
 1883  1882  97
 1882  1881 205
 1881  1880 117
 1880  1879  43
 1879  1878 229
 1878  1877  30
 1877  1876 257
 1876  1875 139
 1875  1874 211
 1874  1873 155
 1873  1872  83
 1872  1871 188
 1871  1870 168
 1870  1869 236
 1869  1868 258
 1868  1867 213
 1867  1866 121
 1866  1865  52
 1865  1864  38
 1864  1863 172
 1863  1862 223
 1862  1861 259
 1861  1860  23
 1860  1859 245
 1859  1858  97
 1858  1857  83
 1857  1856 217
 1856  1855 107
 1855  1854 128
 1854  1853 126
 1853  1852 158
 1852  1851 225
 1851  1850  86
 1850  1849   8
 1849  1848   1
 1848  1847  48
 1847  1846  39
 1846  1845  13
 1845  1844 187
 1844  1843   5
 1843  1842 168
 1842  1841  25
 1841  1840 215
 1840  1839  91
 1839  1838  16
 1838  1837 206
 1837  1836  60
 1836  1835 138
 1835  1834  14
 1834  1833  98
 1833  1832  65
 1832  1831 237
 1831  1830 113
 1830  1829  88
 1829  1828 237
 1828  1827 232
 1827  1826 171
 1826  1825 188
 1825  1824  72
 1824  1823  54
 1823  1822  69
 1822  1821 231
 1821  1820  34
 1820  1819 155
 1819  1818 261
 1818  1817  36
 1817  1816 203
 1816  1815  55
 1815  1814  71
 1814  1813 146
 1813  1812  60
 1812  1811 240
 1811  1810 171
 1810  1809  31
 1809  1808  64
 1808  1807 210
 1807  1806 237
 1806  1805 124
 1805  1804  81
 1804  1803   6
 1803  1802 245
 1802  1801 146
 1801  1800 243
 1800  1799 113
 1799  1798 234
 1798  1797 214
 1797  1796  78
 1796  1795 160
 1795  1794 157
 1794  1793 151
 1793  1792 214
 1792  1791 248
 1791  1790 137
 1790  1789 248
 1789  1788 136
 1788  1787 131
 1787  1786  39
 1786  1785  94
 1785  1784 187
 1784  1783 111
 1783  1782 240
 1782  1781   2
 1781  1780 106
 1780  1779 167
 1779  1778  33
 1778  1777 170
 1777  1776 132
 1776  1775  26
 1775  1774  50
 1774  1773 213
 1773  1772  32
 1772  1771  50
 1771  1770 114
 1770  1769  31
 1769  1768 163
 1768  1767  81
 1767  1766   0
 1766  1765 263
 1765  1764 263
 1764  1763 179
 1763  1762 147
 1762  1761 210
 1761  1760 160
 1760  1759  17
 1759  1758 213
 1758  1757  29
 1757  1756 171
 1756  1755   8
 1755  1754 145
 1754  1753 113
 1753  1752 119
 1752  1751 141
 1751  1750 115
 1750  1749 225
 1749  1748  63
 1748  1747 171
 1747  1746 150
 1746  1745 195
 1745  1744 197
 1744  1743 222
 1743  1742 141
 1742  1741 251
 1741  1740  27
 1740  1739 255
 1739  1738  37
 1738  1737 190
 1737  1736  91
 1736  1735  37
 1735  1734 187
 1734  1733  87
 1733  1732 216
 1732  1731  89
 1731  1730  52
 1730  1729 131
 1729  1728 129
 1728  1727  20
 1727  1726 182
 1726  1725  55
 1725  1724  28
 1724  1723  61
 1723  1722 168
 1722  1721 169
 1721  1720 202
 1720  1719  16
 1719  1718 149
 1718  1717 265
 1717  1716 187
 1716  1715  33
 1715  1714 193
 1714  1713 139
 1713  1712  10
 1712  1711  89
 1711  1710 146
 1710  1709  38
 1709  1708  99
 1708  1707 183
 1707  1706 250
 1706  1705 190
 1705  1704 243
 1704  1703 192
 1703  1702  32
 1702  1701 214
 1701  1700  15
 1700  1699  84
 1699  1698  79
 1698  1697 166
 1697  1696 104
 1696  1695  16
 1695  1694 221
 1694  1693 155
 1693  1692  77
 1692  1691 122
 1691  1690  57
 1690  1689  34
 1689  1688 160
 1688  1687 207
 1687  1686  54
 1686  1685 103
 1685  1684 262
 1684  1683   2
 1683  1682 242
 1682  1681  27
 1681  1680  91
 1680  1679 143
 1679  1678  65
 1678  1677 190
 1677  1676  82
 1676  1675  71
 1675  1674 135
 1674  1673  80
 1673  1672 263
 1672  1671 167
 1671  1670  27
 1670  1669  33
 1669  1668   6
 1668  1667 128
 1667  1666 199
 1666  1665 111
 1665  1664 145
 1664  1663 175
 1663  1662  21
 1662  1661 244
 1661  1660  30
 1660  1659  78
 1659  1658  12
 1658  1657 213
 1657  1656  40
 1656  1655  88
 1655  1654  49
 1654  1653  57
 1653  1652  91
 1652  1651  46
 1651  1650  85
 1650  1649 204
 1649  1648 190
 1648  1647 172
 1647  1646 150
 1646  1645   5
 1645  1644 243
 1644  1643  18
 1643  1642  85
 1642  1641 262
 1641  1640 208
 1640  1639 134
 1639  1638  28
 1638  1637 214
 1637  1636 263
 1636  1635 250
 1635  1634  80
 1634  1633 163
 1633  1632 180
 1632  1631 101
 1631  1630 162
 1630  1629 233
 1629  1628 202
 1628  1627 174
 1627  1626 179
 1626  1625 242
 1625  1624  18
 1624  1623 228
 1623  1622  33
 1622  1621 109
 1621  1620   7
 1620  1619 140
 1619  1618  68
 1618  1617 197
 1617  1616  45
 1616  1615 218
 1615  1614 224
 1614  1613  44
 1613  1612 259
 1612  1611  64
 1611  1610  39
 1610  1609 200
 1609  1608 199
 1608  1607  89
 1607  1606 169
 1606  1605 217
 1605  1604  94
 1604  1603 250
 1603  1602 135
 1602  1601   8
 1601  1600 106
 1600  1599  30
 1599  1598 241
 1598  1597  41
 1597  1596 227
 1596  1595 153
 1595  1594  17
 1594  1593 245
 1593  1592 114
 1592  1591  72
 1591  1590 109
 1590  1589 143
 1589  1588 212
 1588  1587 177
 1587  1586  74
 1586  1585  12
 1585  1584 129
 1584  1583  53
 1583  1582  56
 1582  1581 143
 1581  1580 118
 1580  1579 117
 1579  1578  98
 1578  1577  72
 1577  1576 207
 1576  1575   0
 1575  1574  22
 1574  1573  56
 1573  1572   5
 1572  1571 179
 1571  1570  64
 1570  1569 112
 1569  1568 209
 1568  1567  60
 1567  1566 153
 1566  1565 169
 1565  1564 213
 1564  1563 192
 1563  1562 169
 1562  1561  82
 1561  1560  19
 1560  1559  11
 1559  1558 226
 1558  1557 253
 1557  1556 189
 1556  1555  55
 1555  1554 266
 1554  1553  73
 1553  1552 130
 1552  1551  55
 1551  1550 238
 1550  1549 248
 1549  1548 173
 1548  1547  69
 1547  1546  75
 1546  1545 135
 1545  1544  91
 1544  1543 119
 1543  1542 191
 1542  1541  97
 1541  1540  31
 1540  1539 256
 1539  1538 231
 1538  1537 263
 1537  1536  71
 1536  1535 139
 1535  1534 165
 1534  1533  18
 1533  1532  87
 1532  1531  90
 1531  1530 122
 1530  1529 106
 1529  1528 101
 1528  1527 103
 1527  1526  93
 1526  1525  45
 1525  1524 180
 1524  1523  92
 1523  1522 140
 1522  1521  44
 1521  1520 169
 1520  1519 133
 1519  1518  47
 1518  1517  97
 1517  1516 202
 1516  1515 123
 1515  1514 232
 1514  1513  49
 1513  1512 264
 1512  1511 179
 1511  1510 146
 1510  1509  29
 1509  1508 190
 1508  1507 132
 1507  1506  25
 1506  1505 261
 1505  1504   4
 1504  1503 212
 1503  1502  12
 1502  1501 113
 1501  1500  35
 1500  1499 157
 1499  1498 220
 1498  1497 159
 1497  1496  15
 1496  1495  68
 1495  1494 226
 1494  1493 196
 1493  1492 182
 1492  1491 122
 1491  1490 262
 1490  1489  84
 1489  1488 255
 1488  1487  42
 1487  1486 204
 1486  1485 191
 1485  1484 187
 1484  1483 169
 1483  1482 262
 1482  1481 185
 1481  1480  81
 1480  1479 141
 1479  1478 236
 1478  1477   4
 1477  1476  28
 1476  1475 261
 1475  1474 266
 1474  1473  54
 1473  1472 228
 1472  1471  33
 1471  1470 168
 1470  1469  19
 1469  1468 212
 1468  1467 121
 1467  1466 178
 1466  1465 228
 1465  1464 211
 1464  1463 159
 1463  1462 179
 1462  1461 126
 1461  1460  14
 1460  1459 174
 1459  1458 232
 1458  1457   3
 1457  1456 238
 1456  1455 169
 1455  1454 216
 1454  1453 181
 1453  1452  94
 1452  1451 211
 1451  1450 121
 1450  1449 197
 1449  1448 107
 1448  1447  90
 1447  1446 224
 1446  1445 157
 1445  1444 106
 1444  1443 223
 1443  1442 211
 1442  1441  89
 1441  1440  11
 1440  1439 112
 1439  1438 108
 1438  1437 246
 1437  1436 255
 1436  1435  41
 1435  1434 207
 1434  1433 199
 1433  1432 201
 1432  1431 119
 1431  1430  80
 1430  1429 215
 1429  1428  48
 1428  1427  46
 1427  1426 240
 1426  1425  19
 1425  1424 237
 1424  1423 211
 1423  1422 200
 1422  1421  64
 1421  1420 177
 1420  1419  76
 1419  1418 262
 1418  1417  39
 1417  1416 166
 1416  1415 241
 1415  1414 196
 1414  1413  27
 1413  1412 219
 1412  1411 141
 1411  1410 117
 1410  1409 230
 1409  1408 253
 1408  1407 247
 1407  1406 231
 1406  1405 242
 1405  1404  22
 1404  1403 171
 1403  1402 196
 1402  1401 223
 1401  1400  45
 1400  1399  10
 1399  1398 193
 1398  1397 115
 1397  1396  78
 1396  1395 189
 1395  1394 135
 1394  1393  48
 1393  1392 133
 1392  1391  90
 1391  1390 135
 1390  1389  44
 1389  1388 167
 1388  1387 152
 1387  1386 105
 1386  1385  88
 1385  1384 126
 1384  1383  35
 1383  1382 138
 1382  1381  78
 1381  1380 176
 1380  1379  10
 1379  1378  63
 1378  1377 184
 1377  1376 257
 1376  1375  28
 1375  1374 159
 1374  1373  12
 1373  1372 221
 1372  1371 111
 1371  1370 257
 1370  1369  22
 1369  1368 121
 1368  1367 184
 1367  1366 137
 1366  1365 199
 1365  1364 106
 1364  1363  27
 1363  1362   2
 1362  1361 261
 1361  1360 140
 1360  1359 159
 1359  1358  60
 1358  1357  62
 1357  1356  44
 1356  1355 166
 1355  1354 172
 1354  1353 170
 1353  1352 201
 1352  1351  43
 1351  1350   3
 1350  1349 132
 1349  1348  75
 1348  1347  67
 1347  1346  49
 1346  1345  66
 1345  1344 117
 1344  1343 209
 1343  1342 100
 1342  1341  71
 1341  1340  53
 1340  1339  91
 1339  1338 115
 1338  1337 196
 1337  1336  30
 1336  1335 253
 1335  1334 150
 1334  1333 136
 1333  1332  35
 1332  1331 174
 1331  1330 152
 1330  1329 175
 1329  1328  67
 1328  1327 213
 1327  1326 237
 1326  1325 111
 1325  1324 134
 1324  1323 143
 1323  1322  37
 1322  1321  68
 1321  1320 208
 1320  1319  62
 1319  1318 200
 1318  1317  17
 1317  1316 129
 1316  1315 249
 1315  1314 105
 1314  1313   1
 1313  1312 213
 1312  1311 205
 1311  1310  95
 1310  1309  21
 1309  1308  29
 1308  1307 210
 1307  1306 239
 1306  1305  81
 1305  1304 218
 1304  1303 122
 1303  1302 217
 1302  1301 254
 1301  1300  52
 1300  1299 125
 1299  1298 162
 1298  1297 119
 1297  1296  93
 1296  1295 155
 1295  1294 230
 1294  1293 227
 1293  1292  53
 1292  1291  22
 1291  1290  50
 1290  1289 261
 1289  1288  85
 1288  1287 250
 1287  1286  11
 1286  1285 236
 1285  1284 254
 1284  1283 138
 1283  1282 238
 1282  1281 223
 1281  1280  77
 1280  1279  66
 1279  1278 266
 1278  1277 128
 1277  1276   9
 1276  1275 261
 1275  1274 210
 1274  1273 228
 1273  1272 138
 1272  1271 182
 1271  1270 237
 1270  1269 190
 1269  1268  40
 1268  1267 132
 1267  1266  42
 1266  1265 133
 1265  1264  42
 1264  1263  28
 1263  1262 115
 1262  1261  95
 1261  1260  50
 1260  1259 165
 1259  1258  90
 1258  1257 135
 1257  1256 170
 1256  1255 123
 1255  1254 127
 1254  1253 158
 1253  1252 262
 1252  1251  98
 1251  1250 136
 1250  1249  94
 1249  1248 164
 1248  1247 157
 1247  1246 222
 1246  1245 195
 1245  1244 151
 1244  1243 165
 1243  1242 178
 1242  1241  23
 1241  1240 103
 1240  1239 148
 1239  1238 213
 1238  1237 165
 1237  1236  36
 1236  1235 256
 1235  1234  32
 1234  1233  78
 1233  1232  39
 1232  1231 147
 1231  1230 174
 1230  1229  89
 1229  1228  68
 1228  1227  19
 1227  1226 247
 1226  1225 238
 1225  1224 164
 1224  1223 107
 1223  1222 151
 1222  1221 181
 1221  1220 205
 1220  1219  20
 1219  1218   8
 1218  1217 124
 1217  1216 178
 1216  1215 253
 1215  1214  74
 1214  1213  84
 1213  1212 173
 1212  1211 253
 1211  1210 107
 1210  1209   9
 1209  1208 134
 1208  1207  76
 1207  1206 175
 1206  1205 192
 1205  1204  65
 1204  1203 229
 1203  1202   4
 1202  1201 104
 1201  1200 131
 1200  1199 200
 1199  1198 215
 1198  1197 199
 1197  1196 241
 1196  1195 195
 1195  1194 171
 1194  1193 160
 1193  1192  57
 1192  1191  55
 1191  1190  75
 1190  1189  17
 1189  1188  98
 1188  1187 105
 1187  1186 141
 1186  1185  31
 1185  1184  91
 1184  1183 238
 1183  1182 115
 1182  1181 265
 1181  1180 224
 1180  1179 223
 1179  1178   7
 1178  1177 113
 1177  1176  54
 1176  1175 204
 1175  1174  39
 1174  1173 141
 1173  1172 166
 1172  1171  65
 1171  1170   0
 1170  1169  31
 1169  1168  20
 1168  1167 215
 1167  1166 252
 1166  1165  16
 1165  1164 166
 1164  1163 156
 1163  1162 176
 1162  1161 223
 1161  1160 234
 1160  1159 251
 1159  1158 263
 1158  1157  65
 1157  1156  90
 1156  1155 159
 1155  1154  96
 1154  1153 203
 1153  1152 130
 1152  1151 211
 1151  1150 201
 1150  1149  87
 1149  1148 189
 1148  1147 231
 1147  1146 201
 1146  1145 243
 1145  1144 168
 1144  1143 262
 1143  1142 117
 1142  1141  90
 1141  1140  82
 1140  1139 117
 1139  1138 143
 1138  1137 102
 1137  1136  88
 1136  1135 128
 1135  1134 140
 1134  1133 254
 1133  1132  18
 1132  1131  49
 1131  1130 232
 1130  1129 252
 1129  1128  56
 1128  1127 228
 1127  1126  50
 1126  1125 168
 1125  1124 121
 1124  1123 168
 1123  1122 104
 1122  1121 251
 1121  1120 112
 1120  1119  39
 1119  1118  94
 1118  1117  57
 1117  1116  25
 1116  1115  50
 1115  1114  33
 1114  1113 193
 1113  1112  45
 1112  1111 173
 1111  1110  38
 1110  1109 127
 1109  1108  45
 1108  1107 181
 1107  1106 251
 1106  1105 133
 1105  1104  43
 1104  1103 124
 1103  1102 120
 1102  1101  83
 1101  1100 195
 1100  1099 108
 1099  1098  90
 1098  1097 251
 1097  1096  69
 1096  1095 140
 1095  1094 152
 1094  1093 212
 1093  1092  63
 1092  1091  12
 1091  1090 197
 1090  1089 175
 1089  1088  51
 1088  1087  24
 1087  1086 254
 1086  1085  98
 1085  1084  74
 1084  1083  43
 1083  1082  46
 1082  1081 141
 1081  1080 216
 1080  1079  85
 1079  1078  23
 1078  1077 261
 1077  1076 266
 1076  1075  29
 1075  1074 128
 1074  1073  64
 1073  1072 175
 1072  1071   3
 1071  1070 147
 1070  1069 103
 1069  1068 111
 1068  1067 237
 1067  1066  88
 1066  1065 203
 1065  1064 132
 1064  1063 262
 1063  1062 148
 1062  1061 195
 1061  1060   7
 1060  1059  78
 1059  1058 126
 1058  1057  80
 1057  1056 124
 1056  1055 113
 1055  1054 178
 1054  1053 220
 1053  1052 178
 1052  1051 247
 1051  1050 116
 1050  1049 127
 1049  1048  65
 1048  1047 161
 1047  1046 144
 1046  1045  64
 1045  1044 190
 1044  1043  27
 1043  1042 151
 1042  1041  98
 1041  1040  30
 1040  1039  31
 1039  1038 224
 1038  1037 164
 1037  1036   2
 1036  1035  67
 1035  1034 100
 1034  1033 134
 1033  1032  62
 1032  1031   3
 1031  1030  85
 1030  1029  92
 1029  1028 104
 1028  1027 211
 1027  1026 194
 1026  1025 228
 1025  1024  79
 1024  1023 128
 1023  1022 204
 1022  1021 258
 1021  1020 108
 1020  1019  53
 1019  1018 140
 1018  1017 173
 1017  1016 237
 1016  1015  17
 1015  1014 259
 1014  1013 160
 1013  1012  66
 1012  1011 143
 1011  1010  14
 1010  1009 119
 1009  1008 175
 1008  1007 238
 1007  1006  16
 1006  1005 199
 1005  1004  38
 1004  1003 138
 1003  1002  88
 1002  1001 122
 1001  1000 141
 1000   999 195
  999   998 236
  998   997 245
  997   996 161
  996   995 164
  995   994 229
  994   993 241
  993   992  25
  992   991 166
  991   990 254
  990   989 133
  989   988 241
  988   987 149
  987   986  61
  986   985 233
  985   984 189
  984   983  53
  983   982 127
  982   981 255
  981   980 219
  980   979 163
  979   978 107
  978   977 149
  977   976 156
  976   975 145
  975   974  81
  974   973 194
  973   972  38
  972   971 191
  971   970  71
  970   969 180
  969   968 120
  968   967  41
  967   966 180
  966   965  14
  965   964 205
  964   963 142
  963   962  10
  962   961 252
  961   960  63
  960   959  19
  959   958 118
  958   957  60
  957   956 169
  956   955 179
  955   954  26
  954   953  91
  953   952 254
  952   951 175
  951   950  79
  950   949 228
  949   948  71
  948   947 209
  947   946 110
  946   945 227
  945   944 109
  944   943 213
  943   942 176
  942   941 148
  941   940 160
  940   939 248
  939   938  61
  938   937  13
  937   936  44
  936   935 241
  935   934  49
  934   933   4
  933   932 139
  932   931  60
  931   930 256
  930   929 224
  929   928  79
  928   927 107
  927   926  17
  926   925 248
  925   924  41
  924   923  66
  923   922  94
  922   921  50
  921   920 241
  920   919 196
  919   918  12
  918   917  68
  917   916 138
  916   915 144
  915   914  50
  914   913 247
  913   912 113
  912   911 227
  911   910 128
  910   909   6
  909   908 230
  908   907 211
  907   906  19
  906   905  29
  905   904 208
  904   903  68
  903   902  33
  902   901 102
  901   900 150
  900   899  22
  899   898  59
  898   897 230
  897   896 129
  896   895  99
  895   894 233
  894   893 192
  893   892 165
  892   891  61
  891   890 264
  890   889 161
  889   888  12
  888   887  31
  887   886 229
  886   885 150
  885   884 176
  884   883  13
  883   882 152
  882   881  22
  881   880 262
  880   879  36
  879   878  28
  878   877 225
  877   876   2
  876   875  69
  875   874 254
  874   873 210
  873   872 137
  872   871  20
  871   870  67
  870   869  43
  869   868  64
  868   867 127
  867   866   6
  866   865 193
  865   864 248
  864   863 261
  863   862 140
  862   861 146
  861   860  77
  860   859 137
  859   858  62
  858   857  89
  857   856 169
  856   855  25
  855   854 261
  854   853 100
  853   852  60
  852   851 169
  851   850 144
  850   849  55
  849   848 205
  848   847 172
  847   846  35
  846   845 207
  845   844 241
  844   843  44
  843   842 173
  842   841 133
  841   840  64
  840   839 240
  839   838 176
  838   837 128
  837   836 122
  836   835 204
  835   834  76
  834   833 103
  833   832 221
  832   831 238
  831   830   4
  830   829  53
  829   828 130
  828   827  67
  827   826 143
  826   825  54
  825   824 114
  824   823 159
  823   822 154
  822   821 174
  821   820  61
  820   819  31
  819   818 251
  818   817 266
  817   816 225
  816   815  19
  815   814 229
  814   813 221
  813   812  63
  812   811 157
  811   810 110
  810   809 149
  809   808 152
  808   807  41
  807   806  32
  806   805   8
  805   804   1
  804   803 130
  803   802 133
  802   801 222
  801   800 123
  800   799 160
  799   798   8
  798   797 253
  797   796 249
  796   795 173
  795   794  41
  794   793 118
  793   792  66
  792   791 217
  791   790  25
  790   789 127
  789   788   4
  788   787  31
  787   786 149
  786   785 229
  785   784  50
  784   783 111
  783   782 206
  782   781 135
  781   780   1
  780   779  49
  779   778  39
  778   777 175
  777   776  90
  776   775  71
  775   774 183
  774   773 113
  773   772 223
  772   771  72
  771   770  68
  770   769  79
  769   768 254
  768   767  99
  767   766  87
  766   765 258
  765   764  27
  764   763 128
  763   762 109
  762   761  93
  761   760 101
  760   759 134
  759   758 243
  758   757 105
  757   756 165
  756   755 125
  755   754  89
  754   753 237
  753   752 258
  752   751  28
  751   750 127
  750   749  14
  749   748  99
  748   747 166
  747   746 189
  746   745 212
  745   744 259
  744   743 128
  743   742  58
  742   741 215
  741   740 200
  740   739 127
  739   738  49
  738   737 209
  737   736 248
  736   735 136
  735   734 200
  734   733   8
  733   732  20
  732   731  42
  731   730 124
  730   729 121
  729   728 198
  728   727 100
  727   726 226
  726   725 118
  725   724 225
  724   723  48
  723   722 110
  722   721 216
  721   720  99
  720   719 237
  719   718 230
  718   717 198
  717   716 136
  716   715 152
  715   714 143
  714   713 150
  713   712  35
  712   711 202
  711   710 120
  710   709 257
  709   708  84
  708   707 169
  707   706 199
  706   705  65
  705   704  60
  704   703 154
  703   702  95
  702   701  80
  701   700 196
  700   699 219
  699   698 223
  698   697 149
  697   696  52
  696   695 182
  695   694   0
  694   693  32
  693   692 253
  692   691 110
  691   690   3
  690   689  85
  689   688 102
  688   687 255
  687   686  38
  686   685 260
  685   684 141
  684   683 182
  683   682 143
  682   681 198
  681   680 139
  680   679  18
  679   678 189
  678   677 223
  677   676 187
  676   675 121
  675   674  43
  674   673   3
  673   672   9
  672   671 138
  671   670 105
  670   669 227
  669   668 113
  668   667  62
  667   666 110
  666   665 165
  665   664 244
  664   663 132
  663   662 220
  662   661 252
  661   660 243
  660   659 223
  659   658  70
  658   657 100
  657   656 212
  656   655 109
  655   654  94
  654   653 108
  653   652  46
  652   651 259
  651   650  39
  650   649 185
  649   648  11
  648   647 228
  647   646 163
  646   645 220
  645   644 105
  644   643 206
  643   642 223
  642   641 114
  641   640  99
  640   639  62
  639   638  96
  638   637 212
  637   636 124
  636   635 206
  635   634 133
  634   633 123
  633   632  72
  632   631  86
  631   630 109
  630   629  70
  629   628  42
  628   627 201
  627   626 170
  626   625   9
  625   624  65
  624   623  19
  623   622 117
  622   621 133
  621   620  12
  620   619 179
  619   618  51
  618   617  23
  617   616 140
  616   615 214
  615   614 243
  614   613 245
  613   612 175
  612   611 200
  611   610 114
  610   609   8
  609   608  17
  608   607 211
  607   606 220
  606   605 163
  605   604 172
  604   603  86
  603   602  19
  602   601 244
  601   600 194
  600   599 150
  599   598  69
  598   597 259
  597   596  85
  596   595 262
  595   594   1
  594   593 172
  593   592  14
  592   591 141
  591   590  39
  590   589  26
  589   588  53
  588   587 112
  587   586  49
  586   585 193
  585   584  82
  584   583  48
  583   582 194
  582   581 257
  581   580   3
  580   579  63
  579   578 265
  578   577  20
  577   576   7
  576   575 241
  575   574 183
  574   573 202
  573   572  82
  572   571 224
  571   570 201
  570   569  10
  569   568 108
  568   567   4
  567   566   2
  566   565 215
  565   564 266
  564   563  25
  563   562 142
  562   561  35
  561   560 166
  560   559 181
  559   558  84
  558   557 219
  557   556  49
  556   555 155
  555   554 168
  554   553 131
  553   552 203
  552   551 117
  551   550 121
  550   549 206
  549   548 180
  548   547 142
  547   546 248
  546   545 210
  545   544 116
  544   543 164
  543   542 145
  542   541 220
  541   540 144
  540   539  79
  539   538 230
  538   537   7
  537   536 105
  536   535 254
  535   534 244
  534   533 126
  533   532  35
  532   531 119
  531   530 162
  530   529 201
  529   528  56
  528   527 246
  527   526 176
  526   525 105
  525   524 156
  524   523  99
  523   522 236
  522   521  93
  521   520 238
  520   519  90
  519   518  32
  518   517 173
  517   516 254
  516   515  36
  515   514 116
  514   513 103
  513   512 222
  512   511  16
  511   510  57
  510   509  99
  509   508 118
  508   507  42
  507   506 106
  506   505 223
  505   504  52
  504   503  83
  503   502 105
  502   501  87
  501   500 225
  500   499   0
  499   498  43
  498   497  14
  497   496   1
  496   495 241
  495   494 141
  494   493 157
  493   492  95
  492   491 110
  491   490   5
  490   489  66
  489   488 222
  488   487  60
  487   486 262
  486   485 210
  485   484  96
  484   483 133
  483   482  68
  482   481  51
  481   480 150
  480   479 147
  479   478 173
  478   477  23
  477   476 212
  476   475  12
  475   474 246
  474   473 264
  473   472 118
  472   471  84
  471   470 106
  470   469  98
  469   468 106
  468   467 171
  467   466 112
  466   465 129
  465   464 168
  464   463   8
  463   462  42
  462   461  18
  461   460 118
  460   459  69
  459   458 107
  458   457  95
  457   456 129
  456   455 102
  455   454  60
  454   453 247
  453   452 235
  452   451 129
  451   450  32
  450   449 140
  449   448  31
  448   447 205
  447   446 163
  446   445 243
  445   444 239
  444   443 165
  443   442 262
  442   441 112
  441   440   4
  440   439 101
  439   438 210
  438   437 133
  437   436  28
  436   435  77
  435   434 262
  434   433 218
  433   432  85
  432   431  59
  431   430 236
  430   429 225
  429   428 151
  428   427  76
  427   426  54
  426   425  13
  425   424 178
  424   423 114
  423   422 261
  422   421 147
  421   420 265
  420   419  48
  419   418  42
  418   417  30
  417   416   8
  416   415 206
  415   414   6
  414   413   2
  413   412 104
  412   411   2
  411   410 115
  410   409 108
  409   408 125
  408   407  80
  407   406 241
  406   405 175
  405   404 158
  404   403 259
  403   402 126
  402   401 265
  401   400  73
  400   399  96
  399   398 224
  398   397 224
  397   396 194
  396   395  33
  395   394 260
  394   393 106
  393   392 169
  392   391   9
  391   390   8
  390   389 168
  389   388  57
  388   387  50
  387   386 220
  386   385  87
  385   384  11
  384   383 226
  383   382  89
  382   381 115
  381   380 250
  380   379 226
  379   378 224
  378   377 131
  377   376  40
  376   375 220
  375   374  39
  374   373 198
  373   372 212
  372   371 188
  371   370 218
  370   369  41
  369   368  39
  368   367 175
  367   366 265
  366   365 233
  365   364 208
  364   363 258
  363   362  94
  362   361 111
  361   360   0
  360   359 102
  359   358  34
  358   357  79
  357   356 175
  356   355 254
  355   354 166
  354   353 186
  353   352 235
  352   351  11
  351   350  35
  350   349 219
  349   348 237
  348   347  14
  347   346 105
  346   345  10
  345   344 256
  344   343 166
  343   342 230
  342   341 224
  341   340  87
  340   339 182
  339   338 265
  338   337 126
  337   336 112
  336   335  18
  335   334 115
  334   333  76
  333   332  10
  332   331 209
  331   330 209
  330   329  32
  329   328  67
  328   327 243
  327   326 134
  326   325 242
  325   324 252
  324   323  33
  323   322 161
  322   321 220
  321   320  66
  320   319 218
  319   318 194
  318   317  37
  317   316 254
  316   315  32
  315   314  69
  314   313 266
  313   312 199
  312   311  55
  311   310 223
  310   309  41
  309   308 237
  308   307 243
  307   306 190
  306   305 104
  305   304 261
  304   303  38
  303   302 180
  302   301  26
  301   300 247
  300   299 122
  299   298  81
  298   297  47
  297   296 120
  296   295 215
  295   294  44
  294   293 105
  293   292   3
  292   291 228
  291   290  81
  290   289  70
  289   288 179
  288   287   8
  287   286 107
  286   285 189
  285   284  63
  284   283 198
  283   282 188
  282   281  17
  281   280 253
  280   279 166
  279   278  80
  278   277 245
  277   276 142
  276   275   3
  275   274  83
  274   273 136
  273   272  41
  272   271  18
  271   270 185
  270   269  44
  269   268 141
  268   267 266
  267   266 113
  266   265  16
  265   264 214
  264   263 180
  263   262 144
  262   261 217
  261   260 141
  260   259 225
  259   258  20
  258   257  75
  257   256 255
  256   255 149
  255   254  19
  254   253  73
  253   252  81
  252   251 207
  251   250  90
  250   249  89
  249   248 106
  248   247 193
  247   246  68
  246   245   3
  245   244 196
  244   243 151
  243   242 140
  242   241 260
  241   240 169
  240   239  58
  239   238  59
  238   237  65
  237   236  57
  236   235 194
  235   234  82
  234   233  26
  233   232 107
  232   231 226
  231   230 243
  230   229 248
  229   228 206
  228   227 264
  227   226  79
  226   225 194
  225   224 168
  224   223  98
  223   222  23
  222   221 249
  221   220  61
  220   219 135
  219   218  72
  218   217 189
  217   216  61
  216   215 162
  215   214 193
  214   213 258
  213   212  46
  212   211  88
  211   210   6
  210   209 237
  209   208 168
  208   207  65
  207   206  58
  206   205 247
  205   204 259
  204   203 162
  203   202   6
  202   201 100
  201   200 143
  200   199 249
  199   198 103
  198   197  82
  197   196   1
  196   195 182
  195   194  31
  194   193 170
  193   192  14
  192   191  54
  191   190 174
  190   189  75
  189   188 212
  188   187   1
  187   186 264
  186   185   6
  185   184 163
  184   183 212
  183   182 264
  182   181 209
  181   180  33
  180   179   3
  179   178 202
  178   177 201
  177   176  90
  176   175  15
  175   174 181
  174   173  83
  173   172 177
  172   171 187
  171   170 205
  170   169  53
  169   168 192
  168   167  41
  167   166 157
  166   165 193
  165   164 246
  164   163 210
  163   162 118
  162   161 260
  161   160  20
  160   159  26
  159   158  90
  158   157 232
  157   156  27
  156   155 109
  155   154 238
  154   153 191
  153   152  55
  152   151 258
  151   150 155
  150   149  88
  149   148  16
  148   147 112
  147   146  45
  146   145 107
  145   144 127
  144   143 226
  143   142 212
  142   141  37
  141   140 169
  140   139 150
  139   138 112
  138   137  94
  137   136 191
  136   135  24
  135   134  42
  134   133 170
  133   132 257
  132   131 161
  131   130 185
  130   129  10
  129   128 187
  128   127  30
  127   126 264
  126   125 236
  125   124 140
  124   123 257
  123   122 160
  122   121 217
  121   120 248
  120   119  71
  119   118  60
  118   117  20
  117   116 183
  116   115 105
  115   114 127
  114   113  44
  113   112  87
  112   111  94
  111   110 103
  110   109  11
  109   108 244
  108   107 238
  107   106 105
  106   105 190
  105   104  17
  104   103 169
  103   102 116
  102   101   7
  101   100  63
  100    99  34
   99    98  39
   98    97   5
   97    96  87
   96    95  58
   95    94 264
   94    93 249
   93    92  49
   92    91 157
   91    90 199
   90    89  52
   89    88 250
   88    87  14
   87    86  72
   86    85 167
   85    84 142
   84    83 221
   83    82 233
   82    81 251
   81    80  48
   80    79  91
   79    78 262
   78    77  47
   77    76  62
   76    75 122
   75    74 238
   74    73 102
   73    72  24
   72    71  87
   71    70 131
   70    69 110
   69    68 143
   68    67 171
   67    66 137
   66    65 252
   65    64 251
   64    63 134
   63    62 234
   62    61  33
   61    60  47
   60    59 188
   59    58  86
   58    57  30
   57    56 225
   56    55 180
   55    54 219
   54    53 100
   53    52 135
   52    51 185
   51    50  84
   50    49 205
   49    48  10
   48    47  79
   47    46 253
   46    45  94
   45    44 201
   44    43 246
   43    42 196
   42    41 247
   41    40  66
   40    39  61
   39    38  90
   38    37 231
   37    36 254
   36    35 250
   35    34 217
   34    33 238
   33    32 117
   32    31 206
   31    30   5
   30    29 186
   29    28 150
   28    27 113
   27    26 217
   26    25 108
   25    24  26
   24    23 191
   23    22 208
   22    21 183
   21    20 110
   20    19  47
   19    18 122
   18    17 120
   17    16 126
   16    15 130
   15    14 214
   14    13  82
   13    12 109
   12    11 144
   11    10  62
   10     9 197
    9     8 227
    8     7 175
    7     6 183
    6     5 214
    5     4 158
    4     3 155
    3     2 185
    2     1  30
    1     0  95
 2872  1822   0
  481  2157 108
 1153  3566  49
 3070  2541 118
  585  3838 244
  539  3424  81
 2172  3083 165
 1832   872  73
 2806   242 253
  586    91  39
 2409  2918  11
  918  1148 244
  484  3245 112
 3378   189  91
 3216  3647 211
 2993  2215  34
 2076  1407  23
 3301   585 239
 3895  3975 157
 3986  1810 261
 3257   212  65
  757  1486 194
    3  3241 186
  192  2149 201
 3840   480 138
 2055  3397 106
 3815  3204 258
  400  1184 256
  727  1347  17
 2537   317 230
 3101  3873 256
  587  2190  51
 3828  1777  33
 2330  2201 229
 2810  2003   1
 2559  1022 105
 1764  3385 153
 3300   177   0
  647   270   8
  964   258 209
  837   585 106
 3379   168   1
 1509   861 136
 3710  1557 113
 2066  2446  45
 3088  3878 142
 2825  3366 217
 3003  2669   4
 3625  2724  32
 3884  3507 190
  469  3531 229
  989  2304 212
 1851  1665  90
 3408  1207  27
 2206  3078  22
 2085  3760 214
 1451  3354 197
  121   711 230
 2845  1369  35
 2704  3026 184
 2235  1295  85
  540  1106  38
 2557   649 117
  116  1700  44
 3195  2814 113
 3307  1642  16
 3013   262 191
   77  2060 212
 1446  2860 123
  824  3638 201
 2471   300  97
 3578  1431 230
  579  3904  67
 2279   227  10
 1094   311 218
 3088  2602 202
 3703  3329 125
 1763  1508 184
  975   160 138
  614  2010  19
  914  2564  40
 2698  1353 184
 2954  1387 130
 3533  3978 235
 3845  3037  37
 2799  1644  70
 2128  3558  79
 3989   837 218
  149  2546 249
 2159  1700 164
  723  1679 191
 2429   129 125
 3816  2509  71
  146  1820 102
 3183  3058  40
  827  2095 243
  737   220 238
 1927  2048 193
  473  1991  97
 2525  2909  53
  204   442  37
  685  3593 148
 3546  1442  82
 1366  2245 173
  777  2581 209
 2872  3115 140
 3092  2799 192
 1140   612 200
 3131  2414 126
 2392  1070  86
 3186  1533 123
 2779  3423 253
  221    95 150
 2818   582 231
 1752  1568 177
 1219  2089  47
   18  3789 222
  983  2227 203
 3749  2944   7
  819   134 151
 2704   202 242
 2128   474 228
 2223  1783   9
 3157  2639 192
  725   862  55
 3166   213 195
 2956  2437  76
 1183  3752 182
  480  2560 194
  966   850 208
 1168  1533  34
 1994  1403 264
 3778   404 246
 2417  3978  84
 3279  2371 220
 3493  2868  82
 2282   584 101
 2034  2319 224
  594  1388 116
 1797   207 214
 3330  3494  28
 1085  1837  12
 1489  2660 110
 1820  2058 249
  191   613 147
 3412   246 250
 3996  3046  93
 2667  1153 188
   56   444 203
  263   567 169
  109  2009 237
 2298   619 158
  958  1223 140
 3016  1606 213
 3982   758  57
  228  3541 262
 3626  1818 244
  780  2728 100
 1576  1673  36
 2496  1565 224
  505  3253 136
 1124   624  53
 2347  3433 259
  305  3731 245
 1063  1849  72
  957   510 249
 2775  2936  37
 1503  1358  92
 3529  2447 126
 1094  3593  11
  699  1354 250
 1676  3224  48
 1109  3745 263
 1192  1225 181
 3041  1721  97
 3903  2551 157
 3191  3609 100
  549   294  19
 2997  2111 125
 2590  1153  43
  296  3042   9
 3872  1789 259
 3618  1307 151
  843  3877  92
 2916  2753  50
 1467  2692  60
 1428  3940 163
 1723   315  89
 3834  2545 185
 1339   305 264
  734  3510  16
 2523  3415 156
  182  1700 158
   60  1094  59
 2813  2032 126
 1857  2011 186
 2149  1894 199
 2816  1320 225
 1361  1295  89
 1666   620 205
 1177  2886  52
  944  1449 191
 2645  3884 137
   91  1937 130
 2124  1185 151
  487  3349  30
 2381  2980 213
   53   391 266
 1701  3526 230
 2673  2847 254
 1559   211  91
 3008  2310  83
 3244  2931 201
 1533    87  62
 2718  1655  68
 2067  2388 247
 1399   978 149
 1791  2069 224
 1669  2328  29
  868  3597  16
 1079  2884 227
 3389  3700 143
 2673  1460 189
 3112  2218   9
 1120  3419 198
 3508  3096 123
  839  3260 239
 3260  1806 188
 1589  1110 262
 1538  2114 239
  774  1792 101
  474  3381 147
 2286   330  99
  856   876  50
  627  2604 197
   75  3402 113
 3336  2619 160
 1494  3236 240
 2604  1644 108
  719  2073  38
 2863  3722 240
 2596  2451  48
 3278   921  80
  155  2064 247
 3111  2671 145
 2513   399  85
 1132  1987  93
  721   414  29
 2365  2101 160
  791  1730 228
  865  2896 249
 3316   837 227
  589  3603 262
 3005  1008  52
 1677  3622 141
 2428  3215 193
  415  2883  64
  829  1888  60
 3282  2739  36
 1012  2194  52
 3909  2721  80
  746  2462 201
  701   800  48
 2062  2768  11
 2036  1243 161
 1603  2829 140
  486  3280  83
 2726  1215 172
 1465  3872  91
 3660  1246 239
 2381  3763 141
  843  3145  16
 1995  2196 179
  763  2189 221
 2358   835 122
 1187  1510  27
  467   965  44
 1683   483  20
 1907  1534 253
 3153  1515 123
 2916  2509 104
 2061  3764 200
  610  2469 106
 2799  1524 126
 3634  3344  47
 1496  3201   8
 2461   660 226
 3296  2958 230
  830  3631  81
 2697  2121 104
 1559   623 128
 1675  1506 211
  145  3584  21
 1669    10 162
 1365  1200 133
  566  1100  95
 1227  1835 188
  537  3742 228
  168  3332 164
 2641   829  66
 3264  1831 194
  770  1749 177
  707    81 255
  717  3022 117
 1917  1115 252
 3017  3193 247
 1205  2768 153
  947  1155  14
  632  3191 138
 1461  2056   1
 3645  3971 236
 1394  3445 192
 1827   595  46
 1202  1889 193
 2317  1205 249
 1510  1886 259
  630  3485 255
 1786  2664 196
  977  2380  44
 3385  2264 169
 3709  1142 142
 3154  3637 113
  101  2902   3
 1991  3226 124
 3548   267 126
 1786  3226 143
 1271  1907   2
  287  1792 182
 2667  3329 110
  932  1146 218
 2426   777 103
 2063   404 182
 1317  1426 166
  543   628 265
  811  1031  63
  389   104 101
 2296   687 114
  441  2252  12
 3770  1604  52
  917  2284 129
 2046  2702  21
 2450  2829 186
  229  2463  83
  857  2198 246
 1888   276 113
 1992  2254 222
 3031  2018  52
 1284  3405 105
 3240  1080  87
 1876  1423 264
  931  3049  71
 3760  3102 162
 2575  1571 117
  773  1357 228
 1401  2038 130
 3655  3531 215
 1673  1413  94
 1079  1591  79
 2159  2563  86
 3582  3305 203
 2984  1316 159
 2086  1373  57
    9   584  78
 1718  3673 145
 3757  3970 232
 3288  2508 159
  701  3039  69
 2644  2953  78
 1559   151 176
  864  1293 191
 2532  3959 254
  257  3909 141
  842  3619  59
  515  2256  71
  837  1667 199
 3346  2832   1
 2385  3652  32
 1690  2145  77
 1841  2070 243
 3486   506 103
 3445  2876 190
 3706  3879  83
 3677  3672 169
 2286  3474  75
 3953  1347  30
 3137  2977 207
 2789   247 244
 1287  2570  34
 3709  3538 190
  215  2417 264
 3091  2512 214
 3322  1140 223
 3346    26  57
 2821   105 129
  168   700 251
 3498  2484 208
 3745  3614 117
 2316  3481 112
 2206  1038 228
  975   788 151
 3487    24  72
  628  3057 247
  654  1797  80
 1111   567 100
 1811  1622 177
  647  2983 220
  613  3482   7
   94  3122  83
 1484   401  57
 2272  1037 150
 2296  2592 221
 1354  3238 236
 3151  3559 257
   70  3227 208
 1693  2067 188
 1028  1428 225
  510  3935  38
 3984  2892  92
  385   164 244
 1774  3643 104
  366   448 249
 3957   741 135
 3868  1662 230
 3095  3941  81
 1515  2980 105
 2943   182  19
 3231  2383  55
 2123  1198  83
 2639   460 195
 2282  1206 127
 2731   224  54
 3824  1891  25
 1487  1264  86
 1428  3789   8
  760  2736 179
  942  3376  19
 3678  1396  16
  876   279 177
 1336  3147  74
 2894  2752  30
 3119   131 241
 1362  1877 127
 2627  3932 212
 2768  1856 219
 1504  3227  91
 1232  2465  36
 2980   646  36
 3260  2411  85
 2759  2650  73
 1511  1529 224
 1994  3043 129
  224  3639  59
  156    60 150
 2364  1968  98
 1943  2009   6
  760  2458   1
 1759   553 147
  522  2327 209
 3524  1329   4
 1054  2019  38
  449  1604 171
  440   660 213
  501  1079 211
 2469   476 250
  830  2642  73
 3640  2663 124
  194  3917 201
 2873   151   9
  202  3997  15
 2573  2602  25
  178  3422  70
  838  2236 168
 1917   923 180
 2746   470  73
 1740  2733  87
  403  2940  26
  320   260 236
  823  3338 198
  820  2939  41
 3774  2416 105
 3196  2947 103
 1785  3927 208
 3060  1699 189
 3530  3973 198
 2615  1068  88
 1556  2993 155
 2168   911 132
 1858  3023 168
 1149     8 203
 3565  1899  20
 2512  2364 167
 2791  2654  38
  843   487 135
  816   238 157
 2236  2734  88
 1581  3323  22
 2493   315  84
 1516  1979 230
 1877   467 226
 3776   128  41
 2140  3563 258
 1147  2898 166
 1634  3667 224
 2224  3495 100
  959  3558 156
  634  1884 191
  949  2118   7
 3280   872  63
  100  1484  90
  580  3246 107
  495   574 240
 3393   766  82
 3060  3397  86
 2908  3224 217
 2466   218 141
  702  3449 213
 3172   613  76
   44   270 130
 1528  1795 253
 1127  1550 159
 2053  1081 157
 2819  3104 103
 2568  2627  81
 2144   136 225
 2363  3869 159
 2164   914 238
 3129  2592 239
 3751  1220   1
 1898  3480  21
 3448  2192 259
  529  1484 244
 3986  1271 256
 2965   803 173
 3453  3396 262
 3674  1249 113
  588  2272 127
 3181  3645   5
  753   542  43
  585  1483  16
 2777   657  35
  261   605 231
 1884  2959  42
 2687   131  63
 2436   224 179
   37  2110  51
 2310  2710 111
 2307  1827  81
 3202    72  38
 1037  2069  90
 1694  1964   0
 2652  1307 194
 1611  1532  28
 2094  2095 183
 2319  1975 185
  429  1308  14
 3491   668 117
 1318   264 176
 1391  3745 208
 3812  3979 214
 1776  1150 214
 3083  1098 246
  968  1659 243
 3415   104 261
 1743  1940 161
 3403  1861 250
   71  1819 107
  687   439 106
  432  1718  50
  763  1848 228
 1913  3367 144
 3363  2580  78
 1022   446 262
 1478   274 248
 3419  2197  76
 1632  2439 236
 3451  3814 203
  242   681 130
 2312  3218 122
  512  3498 193
 3879  3590 212
 2812  1458 177
 3610  3113 240
 3884  1385 226
 2082  3776  31
  873  3910 107
 1040  3447 223
 2073  3056 229
 1291  3353  35
 1141   786 137
  731  2982 239
 2541  3444  20
 1654  3270  16
 3391   470 225
 3519  3148  64
 3429  1598  27
 2877  1679  96
 2285  1916  90
 1990  2394 137
 2776  1185  86
 1759   489 143
 1203   376 207
  473  2723  89
  943  1032  53
  444  3225 122
 2394  3853 129
  425  1706  20
 2341   599 265
  736  1565 217
 1921   174  18
 2762  3924 130
 3138  1109 231
 2213   835   7
 3245  2567 234
 2823    43  91
 3028   687 122
  734  1464 189
 1685  1118 250
 3602  3057 266
 3776  3339  27
   52  2398 184
 1161  3919 195
 2348  2292 104
  915  1843 214
  959  2689 218
 1998  3979 180
 3462    15 171
  932   124 265
 3989  2927  40
 3681  2466 189
 2431  3927 264
 2350   150 141
  995  3863  27
 3190  1790  34
 1879  3315 192
 2210  3662 156
 2225  3390  11
 2701  3851  88
 1981  1998 118
  447    98  74
  374  2327 219
  876   607 194
 1092   401 207
 2882  2894  43
 2549  2303 225
 2212  3023  43
 1602  1741 153
 1805   273 232
 3803  3737 264
  254  3191   3
 2581  2677  31
 3540   947 245
  293  1567  82
 3540  3534 202
 1843   691  20
  867  3727  42
 2960  1325 182
 3234  1852  77
 2971  1080  16
 2514  2290  60
 1544   299 132
 2491  2682 229
  410  1942   4
 3944  2646 262
  635  2585 258
  714  1073 163
 2391  1773 199
  243   427  65
 1323  1238 160
 3965  1853 114
  264  3426 223
 2947  3580 195
 1241  3275 246
  240  3967  71
 2825  3847 225
 3898  1922 198
 2023  1217 256
 2802  3472  62
   40  1313  71
 2246  2125  81
 1672  1452  49
 1253  2323  30
  880  2037  46
  847  2161 156
 1046  2229  51
 3320  3284  62
  889  1053 209
  713  1565 162
 2026  2320 265
  504   751  45
 1956  3147  52
  632  1807 194
 2669  3767 167
  831  2968 220
 3060  2409 147
 2697  1027 162
 3750  3543 207
 1668    82 212
 3988  3423 266
 1091  3156 261
  238  1136  44
 2398  1140 128
 2165  2397 196
 1133  1238 204
 3894   926   0
  921  1660  77
  464  2066 121
  898  3010 120
  321  1020 158
 3829  1408  41
  965  1948 115
 2457   796 186
 1206   277  39
 2444  2427 232
 3370  1760 120
 1030   153  65
 3449  1244 107
 2811  2789 188
 3831  1650 225
 1239  1203 217
 3539  1496 230
  336  2380  73
  613  1661 183
 3392  3108 217
 1152  2391 170
 1305  1217 169
 2901  1667 130
 1690  2934  15
 3692   746  60
  896  3584 262
 2744  2251  83
 1124  2235 122
 2786   677  18
 2246   326 212
  989  2771 129
 2558   586  36
  226   136  56
 3160  2783 264
  258   594  47
 3842  2236  52
 2445  1469  97
  681   242  54
 1358  3703 108
 2036  3777  54
  807  3595 124
 1746   213 195
 1882  2489  64
 1018  3666 150
 1612  2885  85
  200  2149 140
 1669  1957 263
 2264   862 174
 2319   891 235
 2449   410  72
 2044  2175 215
 2610   929  32
 1099  2242 226
 1117   133 127
  354  1184  61
 2504  2846  66
  813   350 160
 1675   651 136
 2918  1634 160
 3328  3975 251
 1503   704 109
 2785  2241 107
 1027  1876  37
 1513    98 266
 2697  2985 257
 1895   189  36
 2245  1240 255
 2897   313 187
  531  2002 155
  858  1659  42
 1562   116 149
 3804   618  65
 2032  3730   7
 2482   293  40
 1468  2325  69
 1657  1064 178
 3249  2306 242
 3915   362  33
 1917   446 260
 3576  3800  90
   45  2482 173
 1015  3020 169
 1098  2343 132
 1743  3046  20
  421  1261 229
 1485  2878  63
 3791  2039 123
  154  3797  12
  600   452 155
  400  2342 202
 3234  1090 158
 2255  1400 110
  950  1867 188
 3996   718 206
 1610  2051 140
  488  1205   3
 2879  2367 120
 2676  2779 235
 3128  3458 246
 1822  1703  63
 2912   228 263
  313  2798 193
 2180  2735 229
 2898  3771  47
 1301  2550  19
 2506  1750 192
 1226  2787 212
    5  3615  74
 3816   598 102
 1519  2532  20
 2099  1219 209
 1249  3492  40
 3984    20 239
 3755  1498 115
 2657  3325 222
  407  2762  34
 3546  3392 147
 3162  2549 172
 3760   734 122
 2644  2048 174
  215  1537 263
 3707  3938  35
 3727  2652 157
 1226  3546 260
  551    42  84
 3666  1487 257
 3058  2143   5
 1959  3673   3
 2693  1913 242
 1094  3616 145
 2631  3191  88
 2569  1216  21
 1573   491 205
 1119  3750  45
 1513  3116 144
 3000  1140 255
 1496  3924  80
 1521  2254  76
 3434    98  95
 3051  1702 216
 2594  2302 237
 3810  3118 100
  653  3994 134
  403   597  66
 3520  2778  11
 1012  1862 213
  936   965 173
 3542  3125  82
 3640  3597  67
 1694  2762  29
 3997  3373 142
 3467  2967 136
 3461  1130  67
  410  1218  94
 3540  2425 253
 1403  1497  72
 2720  3569  77
 2197  3490  26
 2146   932 213
 1260  2160  55
  633  2440  10
 3600  2017 144
 1082  1405 254
 2300  1447 258
 1077  2244 221
 2574  2561  22
 2144  3890 205
 1986  2508  28
 2918   669 166
 1078  2470 138
 3870  1965 202
 1888  1810  41
 3645  1122  86
 1092   599 162
 3688   487 132
 2249  3916 232
 2492   747 184
 1352  1003 162
 2021  3456   3
  491    55  19
 2457  1915  40
  267   761 185
 1741  3559  56
 2692  3439  11
 3180  1972 142
 3096  1935 192
  195   120 232
 1198   801  72
  654  3820  29
 1062  1757  47
 2977   772 205
   90   362 224
    1  1840   3
 3793  3316  64
 1765  1884 152
 3700   492 244
  172  1702 139
 1325  1404   0
 1145  2459 186
 2902  1887  42
   27  1454 262
  741   183 246
 2582  3178  37
 2250   267   9
  134    48  79
  978  3361 114
 2681  1770  77
  437   374 176
 2896   529  59
 1135  1339 243
 2590  3562 212
 3125  1115  50
 2303  2759 210
 2922   404 214
 2970  1842  95
 2683  1397  18
  453  1005 152
  828  1138 239
 1709  2596  86
 3048  1199 254
 2963  3057  13
   78  1294 102
 3189   273 234
 3593  1833 122
 1787  1996 121
 3537  2644 114
  894   271 102
 2032   579 245
  628  1677   9
 2180  2023 138
 1589  3504 139
 2884  3576  51
 3157  3124 100
 1342   976  76
 3690  2103 235
 2335  2200 143
 2606   980 181
 3538   566 183
 1567   980  56
 3590  3456 150
 3094   980 152
 3022  1819  50
 2147  3088 162
 3475  3195 186
 1578  3600  71
  130  1792 200
 1463  3169  79
 2029  1792 106
 3010  2800  30
 2466   789 226
 3798   957 126
 1617  2715  75
  705    61 155
  253   564  66
  205  2762 240
 1997   650 266
 1518  1225 235
 3662   406   4
 2463  3478 108
 3252   116  22
  561   345 151
 3277    20 144
 3690  2717  53
  255  3914 266
 3017   938  59
   19  3892 245
 1596  2977 144
 2002  3525   3
 1832  2455 229
 1949   394 143
 2294  1504 141
 2314  2059 129
 1383   936 157
 1297   870 143
 2587  1057 251
 2480  1801  40
 1457   894 244
 1335  1153 164
 3790  1426 172
  536   515  77
 2040  3207  61
  452  2461  49
 1388  1344  95
 2610  3918 108
   19  2746 156
 1820  1296 255
 3066  3864  93
  219    29 239
 1997  2548 141
 2864  3251 175
 2072  1904 117
  885  3202 164
 2230  2815 171
 2148   163 213
 1246  3160  44
 2542   745  12
 2407   810  95
